  Frame #         RMSD         rGyr      intraHB        MolSA         SASA          PSA
        0        0.000        5.578            0      435.879      164.591      136.225
        1        0.467        5.659            0      437.856      147.387      138.799
        2        0.442        5.588            0      436.271      194.186      139.207
        3        0.773        5.494            0      432.649      195.847      138.513
        4        0.416        5.548            0      436.328      207.504      137.363
        5        0.499        5.564            0      434.479      195.331      132.713
        6        0.847        5.576            0      436.386      188.916      138.050
        7        0.311        5.576            0      435.846      200.535      135.739
        8        0.387        5.659            0      436.031      194.808      137.294
        9        0.563        5.585            0      438.851      225.831      136.945
       10        0.456        5.537            0      433.242      233.174      136.376
       11        0.431        5.577            0      437.736      202.710      134.611
       12        0.523        5.588            0      433.614      215.182      136.549
       13        1.194        5.408            0      434.418      210.365      138.424
       14        0.784        5.490            0      436.262      232.941      136.211
       15        1.134        5.381            0      431.502      245.570      138.068
       16        0.735        5.620            0      438.784      246.332      140.177
       17        0.784        5.558            0      438.506      206.129      134.734
       18        0.764        5.518            0      435.619      240.386      140.139
       19        0.893        5.438            0      433.640      235.639      143.076
       20        1.025        5.539            0      437.745      213.749      140.062
       21        0.718        5.550            0      435.029      214.294      135.994
       22        0.818        5.540            0      439.496      189.407      143.338
       23        0.751        5.517            0      434.965      178.128      143.313
       24        0.718        5.443            0      430.555      169.682      139.946
       25        0.766        5.495            0      437.377      182.726      142.478
       26        0.739        5.534            0      438.050      196.656      140.811
       27        1.065        5.458            0      437.815      187.409      136.773
       28        0.718        5.625            0      437.404      216.906      141.508
       29        0.819        5.504            0      436.061      185.849      137.796
       30        0.709        5.545            0      437.688      189.871      143.023
       31        0.911        5.445            0      435.432      178.639      144.745
       32        0.774        5.592            0      436.471      178.361      145.596
       33        0.748        5.635            0      439.434      210.261      140.405
       34        0.755        5.513            0      437.154      202.697      140.551
       35        0.721        5.590            0      438.526      183.211      148.317
       36        0.724        5.434            0      430.345      147.533      142.365
       37        0.797        5.524            0      435.134      181.274      145.000
       38        0.659        5.646            0      440.005      176.040      141.472
       39        0.623        5.536            0      434.668      165.827      139.027
       40        0.738        5.475            0      433.045      193.698      141.140
       41        0.756        5.446            0      436.956      181.013      145.007
       42        0.597        5.520            0      434.927      196.998      135.992
       43        0.813        5.466            0      438.146      158.440      136.160
       44        0.755        5.535            0      437.856      168.982      142.879
       45        0.806        5.502            0      438.363      183.492      140.186
       46        0.765        5.517            0      432.232      186.287      140.095
       47        0.731        5.547            0      434.559      158.533      143.540
       48        0.653        5.542            0      431.220      181.521      137.563
       49        0.679        5.613            0      440.220      172.283      141.551
       50        0.652        5.581            0      438.867      189.832      139.192
       51        1.022        5.442            0      434.439      143.179      139.450
       52        0.689        5.490            0      435.252      162.730      142.712
       53        0.736        5.542            0      435.215      137.553      143.570
       54        0.629        5.472            0      432.858      139.062      142.259
       55        0.907        5.378            0      433.790      149.868      142.956
       56        0.821        5.439            0      435.971      168.535      142.739
       57        0.909        5.452            0      436.475      163.800      140.133
       58        0.698        5.532            0      436.284      159.378      142.627
       59        0.719        5.564            0      435.408      184.162      143.345
       60        0.907        5.496            0      438.086      163.098      143.077
       61        0.978        5.406            0      434.581      175.626      140.623
       62        0.775        5.547            0      434.341      159.807      139.159
       63        0.772        5.534            0      437.168      146.318      145.793
       64        1.119        5.464            0      433.322      158.540      140.484
       65        0.847        5.388            0      431.602      143.440      142.224
       66        0.741        5.506            0      438.486      177.258      138.964
       67        0.827        5.465            0      432.465      177.988      138.804
       68        0.728        5.565            0      434.740      169.886      139.255
       69        0.853        5.505            0      435.102      114.735      139.632
       70        0.829        5.509            0      438.238      124.569      142.700
       71        0.731        5.503            0      435.351      227.072      142.327
       72        0.920        5.399            0      433.405      168.604      141.545
       73        0.704        5.479            0      434.402      197.027      141.572
       74        0.261        5.521            0      433.942      176.949      136.783
       75        0.670        5.421            0      435.407      206.537      136.730
       76        0.837        5.501            0      438.006      215.559      136.746
       77        0.759        5.431            0      438.383      184.658      140.840
       78        0.701        5.564            0      435.561      217.492      139.022
       79        0.871        5.488            0      433.083      219.497      141.155
       80        0.801        5.561            0      436.118      209.810      139.852
       81        0.608        5.490            0      436.809      160.890      140.388
       82        0.884        5.549            0      439.754      169.501      141.377
       83        0.699        5.456            0      433.590      172.391      138.108
       84        0.917        5.485            0      434.236      180.835      141.802
       85        0.878        5.475            0      434.815      176.690      140.655
       86        0.666        5.586            0      438.922      176.683      140.945
       87        0.864        5.417            0      434.922      159.232      136.954
       88        0.833        5.445            0      436.585      171.550      142.930
       89        0.891        5.499            0      433.626      197.286      139.916
       90        0.918        5.444            0      434.917      194.644      142.593
       91        0.822        5.636            0      437.757      217.687      140.596
       92        0.794        5.488            0      434.615      220.437      140.673
       93        0.900        5.544            0      437.045      197.802      141.582
       94        0.779        5.587            0      438.395      196.625      142.865
       95        0.671        5.497            0      431.314      209.785      137.834
       96        0.810        5.515            0      434.063      184.902      140.232
       97        0.872        5.597            0      437.460      216.195      143.610
       98        1.157        5.363            0      432.428      198.957      139.417
       99        0.704        5.536            0      436.477      194.593      141.138
      100        0.767        5.518            0      432.056      187.377      136.681
      101        1.039        5.507            0      434.103      202.884      141.942
      102        0.755        5.577            0      437.031      182.499      142.068
      103        1.022        5.476            0      434.159      207.423      139.566
      104        0.702        5.559            0      436.628      200.214      141.793
      105        1.034        5.572            0      434.803      203.972      141.638
      106        0.649        5.531            0      437.480      168.271      138.863
      107        1.088        5.388            0      432.742      201.736      144.007
      108        0.788        5.476            0      433.429      159.679      141.123
      109        0.699        5.538            0      437.038      219.617      145.973
      110        0.878        5.475            0      434.329      207.663      141.177
      111        0.857        5.453            0      431.458      197.290      140.175
      112        1.036        5.597            0      438.292      205.708      142.739
      113        1.103        5.509            0      437.704      210.804      139.526
      114        0.909        5.522            0      432.320      191.878      142.258
      115        0.712        5.527            0      436.132      196.231      138.545
      116        0.856        5.544            0      437.034      187.749      145.804
      117        0.807        5.534            0      438.034      170.127      142.428
      118        0.823        5.506            0      435.487      206.034      138.176
      119        1.112        5.417            0      433.001      188.126      140.410
      120        0.888        5.473            0      434.333      213.480      135.999
      121        0.820        5.524            0      439.855      196.237      137.660
      122        1.002        5.511            0      441.396      210.791      139.463
      123        0.659        5.563            0      433.928      216.904      136.767
      124        1.048        5.416            0      436.747      219.461      140.805
      125        0.716        5.464            0      431.014      182.390      141.254
      126        0.729        5.559            0      434.236      169.731      139.612
      127        0.892        5.457            0      440.318      183.629      145.581
      128        0.945        5.500            0      436.469      186.025      139.850
      129        0.792        5.491            0      436.236      178.464      142.166
      130        0.906        5.489            0      435.725      189.261      137.608
      131        0.780        5.402            0      432.622      144.647      139.655
      132        0.782        5.455            0      435.252      163.671      141.072
      133        0.909        5.499            0      434.308      151.320      142.058
      134        0.766        5.569            0      434.818      177.646      144.211
      135        0.728        5.530            0      436.684      184.039      142.363
      136        0.860        5.442            0      436.078      163.965      141.994
      137        0.743        5.482            0      433.445      179.440      135.435
      138        0.827        5.541            0      436.839      198.119      145.204
      139        0.777        5.534            0      435.325      179.844      140.145
      140        0.725        5.516            0      433.935      196.798      136.601
      141        0.927        5.477            0      434.916      145.190      143.096
      142        0.838        5.530            0      436.983      155.711      142.430
      143        0.672        5.653            0      436.934      173.856      141.568
      144        0.653        5.546            0      435.347      185.486      138.832
      145        0.768        5.422            0      433.758      189.018      142.011
      146        0.695        5.450            0      432.314      177.475      134.145
      147        0.862        5.466            0      435.010      181.167      146.542
      148        0.833        5.457            0      432.821      207.264      140.356
      149        0.850        5.455            0      437.485      212.319      142.847
      150        0.968        5.519            0      437.220      162.564      144.720
      151        0.831        5.537            0      438.735      155.474      140.946
      152        0.810        5.526            0      432.775      154.250      143.426
      153        0.806        5.523            0      435.280      169.575      141.291
      154        1.021        5.583            0      436.976      156.034      143.951
      155        0.773        5.547            0      435.737      151.408      144.589
      156        0.991        5.544            0      437.730      145.560      143.148
      157        0.867        5.500            0      431.716      138.802      138.859
      158        0.848        5.561            0      436.167      137.323      143.900
      159        0.743        5.535            0      435.184      131.661      138.155
      160        0.781        5.489            0      429.433      136.008      141.362
      161        0.768        5.599            0      436.327      112.542      140.242
      162        0.775        5.526            0      434.383      120.996      139.744
      163        0.844        5.477            0      433.610      130.346      143.525
      164        0.798        5.536            0      434.071      125.578      139.382
      165        0.888        5.464            0      432.162      132.205      139.201
      166        0.756        5.574            0      438.178      140.439      137.363
      167        0.820        5.476            0      434.664      135.376      139.958
      168        0.878        5.588            0      432.691      141.997      139.063
      169        0.803        5.456            0      437.611      171.956      140.954
      170        0.856        5.543            0      436.379      147.063      143.857
      171        0.778        5.576            0      435.730      146.524      140.626
      172        0.792        5.495            0      433.918      127.421      144.666
      173        0.854        5.545            0      432.961      157.959      140.997
      174        0.783        5.479            0      434.616      129.159      139.032
      175        0.858        5.457            0      431.377      160.593      142.770
      176        0.774        5.599            0      435.292      140.864      138.120
      177        0.814        5.441            0      430.691      146.407      137.634
      178        0.926        5.468            0      433.191      158.459      140.846
      179        0.893        5.534            0      435.405      165.173      137.505
      180        0.961        5.580            0      435.780      172.421      142.848
      181        0.853        5.552            0      436.935      177.888      142.358
      182        0.787        5.635            0      436.766      168.562      138.653
      183        0.790        5.499            0      436.734      153.883      141.835
      184        0.800        5.585            0      435.164      132.711      144.293
      185        0.785        5.529            0      433.380      148.220      142.939
      186        0.895        5.560            0      436.310      156.331      141.647
      187        0.869        5.562            0      437.107      163.888      141.395
      188        0.825        5.489            0      428.806      167.181      134.925
      189        0.915        5.548            0      437.393      162.611      142.710
      190        0.749        5.565            0      437.269      153.500      145.632
      191        0.845        5.540            0      437.267      151.720      141.672
      192        0.815        5.565            0      436.543      143.401      142.854
      193        0.941        5.556            0      438.315      160.641      138.679
      194        0.854        5.453            0      433.380      145.307      140.188
      195        0.780        5.575            0      436.215      140.162      139.113
      196        0.848        5.517            0      435.379      169.103      136.019
      197        0.998        5.624            0      437.091      172.106      145.239
      198        0.672        5.554            0      431.053      160.445      139.599
      199        0.802        5.473            0      433.210      156.947      144.913
      200        0.939        5.492            0      434.518      166.880      144.158
      201        0.813        5.550            0      437.293      165.777      144.608
      202        0.787        5.603            0      437.846      164.183      137.436
      203        0.930        5.538            0      435.316      164.235      139.475
      204        0.778        5.513            0      433.776      175.334      143.700
      205        0.730        5.532            0      436.256      148.353      141.799
      206        0.835        5.456            0      432.668      148.231      141.681
      207        0.872        5.581            0      436.840      190.075      136.330
      208        0.840        5.524            0      435.634      153.272      144.088
      209        0.768        5.492            0      435.157      173.394      141.600
      210        0.779        5.468            0      432.531      173.278      140.762
      211        0.858        5.516            0      436.045      182.883      139.317
      212        0.895        5.548            0      433.065      157.449      144.542
      213        0.870        5.543            0      436.825      149.705      142.106
      214        0.787        5.558            0      434.213      167.720      144.307
      215        0.811        5.554            0      434.556      147.474      141.953
      216        0.960        5.547            0      436.797      158.656      145.777
      217        0.843        5.505            0      434.619      145.162      142.980
      218        0.884        5.658            0      438.288      164.401      135.623
      219        0.901        5.588            0      437.105      162.060      143.771
      220        0.998        5.659            0      439.440      157.313      141.157
      221        0.921        5.548            0      437.825      172.710      140.722
      222        0.759        5.488            0      431.587      156.405      145.479
      223        0.753        5.616            0      435.657      147.131      141.554
      224        0.928        5.496            0      432.819      146.412      138.548
      225        0.892        5.547            0      436.184      166.931      140.441
      226        0.874        5.550            0      432.440      161.683      136.195
      227        0.915        5.549            0      431.068      167.909      141.897
      228        0.831        5.544            0      430.788      149.077      144.284
      229        0.864        5.554            0      438.499      141.671      142.108
      230        0.775        5.513            0      435.147      143.068      143.253
      231        0.921        5.608            0      435.717      149.166      142.362
      232        0.910        5.498            0      432.318      160.065      138.988
      233        0.803        5.538            0      439.037      131.052      143.869
      234        0.757        5.452            0      434.269      141.443      138.376
      235        0.860        5.514            0      432.038      163.874      143.834
      236        0.835        5.593            0      435.232      141.842      138.822
      237        0.856        5.614            0      435.169      164.793      141.817
      238        0.818        5.547            0      434.899      121.147      143.385
      239        0.776        5.566            0      436.083      152.410      143.793
      240        0.687        5.561            0      436.206      184.643      141.617
      241        0.844        5.683            0      439.675      154.968      140.378
      242        0.887        5.505            0      431.637      164.080      138.815
      243        0.746        5.524            0      435.492      155.684      141.379
      244        0.902        5.589            0      436.632      161.546      145.403
      245        0.805        5.455            0      431.805      151.441      136.116
      246        0.727        5.487            0      436.377      135.615      140.612
      247        0.897        5.590            0      436.288      162.396      140.366
      248        0.753        5.546            0      439.218      155.549      143.729
      249        0.912        5.447            0      435.707      129.927      140.497
      250        0.741        5.517            0      432.643      143.883      139.323
      251        0.831        5.522            0      433.706      146.555      140.572
      252        0.714        5.550            0      434.855      150.994      142.884
      253        1.022        5.611            0      434.783      174.221      140.166
      254        0.868        5.525            0      432.052      157.715      139.811
      255        0.721        5.554            0      432.421      150.375      139.678
      256        0.892        5.559            0      432.789      154.037      142.825
      257        0.868        5.521            0      431.758      145.824      142.579
      258        0.899        5.552            0      437.498      137.463      142.199
      259        0.974        5.634            0      438.272      142.069      143.864
      260        0.839        5.530            0      434.621      158.820      141.465
      261        0.890        5.539            0      434.759      145.338      140.866
      262        0.792        5.555            0      434.999      153.996      144.610
      263        0.927        5.564            0      437.289      145.909      142.825
      264        0.646        5.526            0      433.696      155.060      144.682
      265        0.879        5.621            0      435.995      151.531      139.264
      266        0.843        5.481            0      431.551      164.479      142.073
      267        0.919        5.586            0      433.495      142.944      141.531
      268        0.668        5.471            0      435.308      127.244      142.448
      269        0.950        5.611            0      435.400      138.055      146.193
      270        0.977        5.467            0      433.419      138.114      134.130
      271        0.802        5.583            0      437.588      135.915      142.641
      272        0.951        5.503            0      433.748      131.153      139.964
      273        0.866        5.568            0      433.697      134.492      145.610
      274        0.766        5.637            0      437.762      155.031      141.357
      275        0.913        5.672            0      440.229      114.271      146.139
      276        0.913        5.631            0      438.344      146.598      140.309
      277        0.842        5.630            0      437.719      139.796      143.809
      278        0.814        5.589            0      435.860      146.464      140.659
      279        0.841        5.689            0      438.142      160.971      141.337
      280        0.857        5.569            0      432.143      158.600      144.174
      281        0.806        5.515            0      433.725      168.547      139.033
      282        0.887        5.499            0      435.799      150.180      142.171
      283        0.957        5.494            0      434.255      157.265      138.876
      284        0.852        5.532            0      435.755      139.322      146.397
      285        0.934        5.598            0      437.323      134.935      141.730
      286        0.830        5.456            0      434.490      135.746      138.338
      287        1.024        5.623            0      435.094      156.372      141.004
      288        0.842        5.523            0      431.862      131.169      143.364
      289        0.892        5.594            0      436.460      128.028      141.795
      290        0.902        5.513            0      435.470      131.674      136.901
      291        0.936        5.663            0      437.419      155.962      138.816
      292        0.806        5.561            0      433.804      149.689      145.119
      293        0.882        5.618            0      436.289      146.579      143.546
      294        0.864        5.622            0      437.108      121.458      137.423
      295        0.749        5.457            0      433.623      142.420      140.541
      296        0.923        5.532            0      431.256      119.043      141.525
      297        1.074        5.646            0      438.712      147.232      143.855
      298        0.802        5.615            0      437.039      150.826      143.500
      299        0.907        5.630            0      437.147      133.204      144.522
      300        0.922        5.526            0      434.263      145.522      143.279
      301        0.848        5.663            0      436.150      139.297      142.535
      302        0.951        5.580            0      432.773      147.360      147.296
      303        0.972        5.608            0      437.463      135.957      145.140
      304        0.925        5.689            0      440.664      140.555      143.526
      305        0.878        5.554            0      436.069      149.392      137.149
      306        1.017        5.616            0      440.210      137.942      141.088
      307        0.854        5.623            0      439.818      157.792      142.168
      308        0.997        5.565            0      436.965      156.588      142.421
      309        0.840        5.593            0      438.637      134.742      142.588
      310        0.911        5.571            0      437.396      152.191      141.225
      311        0.906        5.600            0      436.110      154.732      142.587
      312        0.783        5.574            0      434.397      146.773      140.468
      313        0.821        5.541            0      431.223      143.978      142.447
      314        0.741        5.598            0      437.433      126.002      141.130
      315        0.868        5.630            0      438.380      138.234      140.156
      316        0.907        5.540            0      438.416      139.107      143.827
      317        0.750        5.554            0      434.083      142.649      142.664
      318        0.855        5.599            0      436.920      155.411      137.575
      319        0.768        5.615            0      438.010      143.722      145.217
      320        0.963        5.470            0      435.383      150.010      140.007
      321        0.963        5.592            0      433.126      148.093      142.912
      322        0.753        5.524            0      434.110      144.274      134.992
      323        0.860        5.515            0      434.612      144.679      140.134
      324        0.864        5.556            0      439.453      148.414      142.738
      325        0.956        5.569            0      436.340      156.148      143.556
      326        0.997        5.642            0      437.102      156.116      138.610
      327        1.005        5.521            0      436.225      155.968      136.367
      328        1.019        5.589            0      436.591      151.808      139.994
      329        0.811        5.528            0      433.299      146.081      143.979
      330        1.058        5.505            0      434.828      166.634      143.437
      331        1.032        5.618            0      438.566      185.506      140.207
      332        1.025        5.662            0      437.324      137.597      144.812
      333        0.945        5.519            0      435.824      143.242      143.256
      334        0.886        5.486            0      434.763      153.207      143.938
      335        0.909        5.562            0      434.695      148.748      136.424
      336        0.861        5.483            0      431.024      135.133      139.260
      337        0.745        5.512            0      432.320      132.860      132.812
      338        0.896        5.482            0      434.628      154.888      136.333
      339        0.935        5.473            0      434.158      138.979      141.270
      340        0.712        5.583            0      437.955      124.463      142.789
      341        0.758        5.580            0      436.728      152.732      139.578
      342        0.812        5.495            0      432.806      140.775      140.031
      343        0.916        5.616            0      440.215      142.890      145.374
      344        0.863        5.556            0      432.945      134.151      137.889
      345        0.840        5.530            0      434.258      160.173      144.666
      346        0.886        5.530            0      435.179      160.812      142.253
      347        0.905        5.515            0      432.543      154.985      141.092
      348        0.871        5.566            0      438.072      129.797      142.369
      349        0.897        5.647            0      440.088      162.688      140.740
      350        0.783        5.590            0      438.778      148.647      140.076
      351        0.802        5.515            0      432.536      158.433      138.994
      352        1.138        5.655            0      436.397      170.434      144.615
      353        0.915        5.550            0      437.384      154.657      142.686
      354        0.884        5.650            0      439.206      157.568      143.891
      355        0.799        5.554            0      437.110      163.106      140.856
      356        0.886        5.554            0      434.330      155.709      139.364
      357        0.958        5.571            0      438.884      145.243      139.091
      358        0.841        5.458            0      432.677      149.401      139.897
      359        0.798        5.590            0      438.108      142.236      144.193
      360        0.934        5.573            0      437.115      123.319      144.369
      361        0.998        5.518            0      433.125      130.385      141.003
      362        0.782        5.519            0      436.555      121.643      142.941
      363        0.988        5.569            0      436.713      162.613      142.831
      364        0.820        5.556            0      435.943      165.854      139.983
      365        0.763        5.660            0      435.427      125.994      144.555
      366        0.777        5.463            0      433.051      139.354      139.870
      367        0.914        5.546            0      433.049      136.676      139.962
      368        0.802        5.532            0      436.078      160.819      139.682
      369        0.984        5.492            0      431.373      154.223      139.028
      370        0.840        5.536            0      435.190      135.431      143.994
      371        0.916        5.520            0      434.923      140.173      144.029
      372        0.971        5.386            0      434.091      143.093      138.241
      373        0.807        5.467            0      435.271      153.790      140.183
      374        0.895        5.567            0      436.115      159.074      142.449
      375        0.830        5.571            0      436.579      138.918      141.763
      376        0.948        5.626            0      436.908      145.725      139.904
      377        0.918        5.469            0      430.625      137.033      141.831
      378        0.850        5.508            0      437.742      125.624      138.791
      379        0.831        5.488            0      434.317      128.379      140.613
      380        0.947        5.597            0      438.903      150.150      138.695
      381        1.023        5.605            0      439.457      152.281      139.651
      382        0.813        5.530            0      434.226      139.817      145.623
      383        0.925        5.543            0      435.064      146.182      148.864
      384        0.823        5.495            0      435.892      132.914      139.036
      385        0.924        5.542            0      433.677      148.178      141.673
      386        0.914        5.571            0      433.428      146.457      143.282
      387        0.843        5.504            0      435.664      134.108      142.993
      388        0.845        5.566            0      438.227      149.941      141.803
      389        0.904        5.606            0      435.927      140.834      143.565
      390        0.894        5.490            0      435.990      149.639      144.846
      391        0.812        5.606            0      436.736      168.423      141.212
      392        0.872        5.586            0      437.643      139.240      144.094
      393        0.802        5.552            0      438.151      144.271      140.449
      394        0.829        5.528            0      436.372      162.057      137.491
      395        0.723        5.550            0      434.043      155.666      145.549
      396        0.983        5.586            0      436.122      145.855      139.574
      397        0.799        5.533            0      435.422      134.910      138.811
      398        1.029        5.506            0      430.897      149.406      141.450
      399        0.942        5.490            0      434.096      170.897      138.971
      400        0.821        5.520            0      434.952      166.717      142.013
      401        0.805        5.595            0      439.209      171.834      139.265
      402        0.840        5.483            0      434.368      172.190      146.546
      403        0.780        5.612            0      437.542      169.750      138.962
      404        0.736        5.443            0      433.245      130.605      139.967
      405        0.783        5.422            0      434.409      165.733      140.552
      406        0.979        5.639            0      437.473      162.653      143.755
      407        0.878        5.529            0      430.572      151.294      141.745
      408        0.976        5.662            0      436.710      162.552      141.583
      409        1.040        5.713            0      440.618      170.613      146.347
      410        0.938        5.619            0      434.709      140.614      140.501
      411        1.109        5.557            0      434.652      173.708      140.139
      412        0.818        5.536            0      434.757      180.398      140.236
      413        0.894        5.546            0      433.429      167.613      141.742
      414        1.023        5.630            0      438.488      181.640      144.914
      415        1.073        5.676            0      440.502      151.094      147.366
      416        0.917        5.530            0      434.450      173.154      137.822
      417        0.824        5.587            0      438.806      151.694      142.706
      418        0.725        5.451            0      430.225      137.139      136.503
      419        0.785        5.486            0      434.253      132.350      138.659
      420        0.961        5.586            0      436.252      172.288      144.047
      421        0.964        5.628            0      439.012      171.606      141.922
      422        1.062        5.474            0      434.187      150.750      142.926
      423        0.765        5.495            0      434.629      155.107      140.383
      424        0.845        5.550            0      435.245      159.687      139.853
      425        0.900        5.572            0      440.032      145.993      141.425
      426        0.807        5.650            0      438.824      147.226      143.108
      427        0.781        5.456            0      432.480      141.195      141.943
      428        0.821        5.520            0      435.024      144.268      137.167
      429        0.949        5.632            0      439.279      148.427      138.917
      430        0.786        5.496            0      434.962      149.055      140.156
      431        0.852        5.499            0      433.630      161.930      145.250
      432        0.863        5.563            0      431.803      144.496      144.412
      433        0.872        5.569            0      434.918      160.289      140.026
      434        0.869        5.546            0      434.467      145.951      142.779
      435        0.833        5.524            0      432.740      135.030      142.074
      436        0.805        5.580            0      433.498      129.188      140.965
      437        0.786        5.554            0      435.827      152.025      138.220
      438        0.835        5.476            0      430.759      129.860      137.305
      439        0.937        5.585            0      437.412      156.017      140.453
      440        0.806        5.590            0      435.603      161.444      143.817
      441        0.917        5.534            0      436.861      159.152      140.702
      442        0.852        5.466            0      437.757      154.900      144.978
      443        0.790        5.424            0      433.982      140.725      140.164
      444        0.786        5.524            0      434.685      157.827      140.597
      445        0.729        5.604            0      438.334      140.950      138.431
      446        0.892        5.645            0      440.551      152.903      141.287
      447        0.930        5.581            0      433.163      167.036      137.579
      448        0.776        5.510            0      434.496      170.130      142.549
      449        0.685        5.496            0      436.276      155.765      137.815
      450        0.706        5.562            0      435.857      181.630      137.783
      451        0.959        5.611            0      436.186      165.419      147.542
      452        0.789        5.530            0      434.963      150.208      140.871
      453        0.774        5.596            0      436.885      160.947      142.770
      454        0.768        5.650            0      437.016      158.827      142.225
      455        0.877        5.514            0      432.738      148.646      141.830
      456        0.768        5.585            0      437.546      160.293      142.454
      457        1.039        5.625            0      437.702      154.820      141.369
      458        0.970        5.611            0      437.165      152.579      146.688
      459        0.726        5.515            0      438.047      147.630      140.746
      460        0.768        5.553            0      433.782      173.292      140.222
      461        0.725        5.537            0      434.705      145.696      145.426
      462        0.710        5.520            0      433.141      154.272      139.270
      463        0.663        5.595            0      433.711      158.936      138.973
      464        0.840        5.507            0      434.831      158.439      141.754
      465        0.713        5.557            0      436.931      145.462      144.606
      466        0.794        5.578            0      439.655      128.257      141.428
      467        0.706        5.508            0      431.797      159.706      143.147
      468        0.872        5.583            0      435.972      168.102      147.232
      469        0.845        5.548            0      435.635      150.604      139.988
      470        0.967        5.534            0      437.067      146.281      146.366
      471        0.822        5.559            0      437.150      149.909      143.208
      472        0.817        5.583            0      438.207      156.180      140.716
      473        0.763        5.595            0      433.433      122.652      141.471
      474        0.812        5.584            0      436.075      146.116      142.082
      475        0.815        5.583            0      434.509      171.084      141.809
      476        1.078        5.601            0      438.586      153.591      143.496
      477        0.836        5.626            0      439.516      151.949      140.497
      478        0.721        5.536            0      435.517      151.329      141.924
      479        0.961        5.651            0      438.529      161.032      141.652
      480        0.790        5.607            0      436.596      140.189      144.266
      481        0.680        5.553            0      436.539      142.283      136.502
      482        0.741        5.567            0      435.943      143.639      139.379
      483        0.666        5.560            0      434.148      147.624      141.396
      484        0.817        5.558            0      435.069      156.067      141.948
      485        1.038        5.599            0      435.773      172.554      139.573
      486        0.789        5.506            0      434.148      160.946      142.005
      487        0.784        5.566            0      436.873      183.361      141.900
      488        0.855        5.581            0      435.490      159.909      141.763
      489        0.889        5.578            0      436.457      152.899      141.558
      490        0.690        5.554            0      436.922      155.090      140.316
      491        0.774        5.569            0      434.856      157.128      139.788
      492        0.627        5.590            0      434.793      131.478      139.688
      493        0.732        5.560            0      435.530      130.832      142.819
      494        0.727        5.588            0      435.771      146.179      138.884
      495        0.769        5.594            0      434.431      152.015      142.257
      496        0.765        5.580            0      436.350      153.550      143.064
      497        0.822        5.521            0      433.420      142.330      142.382
      498        0.871        5.546            0      437.076      156.931      142.313
      499        0.661        5.508            0      433.875      164.247      138.100
      500        0.820        5.593            0      433.751      117.813      142.649
      501        0.678        5.537            0      434.229      132.038      143.941
      502        0.964        5.524            0      439.678      137.053      143.588
      503        0.881        5.569            0      436.012      134.173      142.256
      504        0.725        5.519            0      433.977      134.719      140.835
      505        0.721        5.542            0      434.970      142.406      140.716
      506        0.882        5.601            0      436.389      121.453      142.389
      507        0.952        5.515            0      434.861      148.752      141.256
      508        0.771        5.449            0      434.677      146.093      139.820
      509        0.908        5.644            0      439.875      156.437      141.984
      510        0.792        5.562            0      437.594      145.854      143.851
      511        0.949        5.613            0      437.130      143.410      137.950
      512        0.908        5.571            0      438.024      154.515      145.727
      513        0.826        5.549            0      436.272      140.752      139.086
      514        0.814        5.526            0      434.823      105.642      144.096
      515        0.820        5.578            0      439.141      146.152      141.046
      516        0.762        5.545            0      436.551      157.054      137.599
      517        0.706        5.484            0      433.876      139.482      138.406
      518        0.791        5.517            0      435.488      170.094      140.766
      519        0.775        5.534            0      435.250      171.644      138.190
      520        0.838        5.568            0      436.631      153.938      141.306
      521        0.904        5.611            0      437.862      174.379      142.303
      522        0.864        5.477            0      432.297      139.634      140.564
      523        0.770        5.497            0      435.206      163.640      138.729
      524        0.871        5.447            0      433.373      157.736      139.885
      525        0.868        5.529            0      437.073      165.817      137.286
      526        0.977        5.582            0      437.304      172.252      141.182
      527        0.884        5.646            0      439.401      162.296      143.607
      528        0.781        5.487            0      433.853      126.310      141.457
      529        0.793        5.480            0      433.632      137.447      140.418
      530        0.884        5.503            0      434.191      150.375      138.091
      531        0.794        5.579            0      435.015      152.104      137.498
      532        0.899        5.559            0      435.718      169.588      141.847
      533        0.842        5.565            0      438.602      150.246      146.576
      534        0.843        5.585            0      439.648      144.022      144.393
      535        0.832        5.438            0      432.191      161.985      145.276
      536        0.923        5.515            0      436.439      146.422      144.525
      537        0.794        5.481            0      436.800      152.325      143.893
      538        0.704        5.584            0      437.225      131.633      142.384
      539        0.778        5.522            0      436.518      132.942      138.992
      540        0.835        5.550            0      435.535      148.907      142.949
      541        0.855        5.413            0      434.095      144.463      141.404
      542        0.792        5.531            0      431.317      150.752      139.359
      543        0.746        5.593            0      436.243      141.985      145.331
      544        0.833        5.654            0      437.483      149.982      143.075
      545        0.808        5.625            0      434.077      146.950      143.958
      546        0.748        5.629            0      437.757      151.612      143.429
      547        0.928        5.655            0      440.619      174.918      141.173
      548        0.799        5.523            0      433.798      145.710      139.990
      549        0.780        5.599            0      435.711      172.862      144.557
      550        0.913        5.542            0      435.882      157.408      145.522
      551        0.791        5.607            0      437.716      140.432      142.948
      552        0.925        5.501            0      433.617      158.117      141.889
      553        1.004        5.698            0      437.106      153.623      141.539
      554        0.763        5.561            0      433.838      146.261      140.854
      555        0.873        5.543            0      435.302      151.224      139.484
      556        0.830        5.501            0      432.983      139.283      143.350
      557        0.832        5.650            0      437.287      152.246      140.907
      558        0.840        5.481            0      431.727      122.492      144.850
      559        0.796        5.531            0      432.383      142.216      140.542
      560        0.880        5.628            0      437.514      147.799      142.563
      561        0.914        5.617            0      437.407      166.743      139.597
      562        0.849        5.518            0      436.321      159.438      141.251
      563        0.859        5.633            0      437.588      161.093      146.355
      564        0.830        5.454            0      434.785      154.547      145.907
      565        0.767        5.487            0      435.770      149.643      142.241
      566        0.808        5.581            0      435.482      159.189      137.902
      567        0.980        5.583            0      437.253      164.483      141.487
      568        1.028        5.546            0      435.993      158.288      144.608
      569        0.784        5.592            0      437.710      152.068      142.478
      570        0.830        5.554            0      434.720      169.975      140.819
      571        0.809        5.531            0      435.802      160.226      145.151
      572        0.798        5.579            0      436.228      138.540      143.521
      573        0.845        5.623            0      439.324      164.381      142.585
      574        0.814        5.559            0      435.985      169.109      143.607
      575        0.821        5.546            0      435.022      149.331      140.552
      576        0.888        5.556            0      433.089      144.628      138.925
      577        0.838        5.522            0      433.359      152.256      142.883
      578        0.754        5.639            0      436.904      134.620      143.399
      579        0.905        5.588            0      437.839      129.623      145.487
      580        0.853        5.551            0      435.197      125.655      143.683
      581        0.870        5.484            0      438.124      162.799      136.858
      582        0.821        5.572            0      432.894      151.908      138.194
      583        0.895        5.605            0      436.818      158.150      142.965
      584        0.907        5.532            0      436.427      150.087      136.281
      585        0.795        5.602            0      438.931      135.658      145.966
      586        0.927        5.546            0      437.458      154.291      142.658
      587        0.871        5.537            0      434.250      167.362      139.023
      588        1.025        5.645            0      439.347      178.260      143.789
      589        0.812        5.553            0      438.658      143.366      144.208
      590        1.094        5.528            0      437.626      150.382      145.384
      591        0.816        5.532            0      437.324      160.486      139.330
      592        0.838        5.598            0      437.794      145.419      139.589
      593        0.889        5.608            0      434.105      140.019      140.816
      594        0.893        5.597            0      435.850      140.931      141.645
      595        0.896        5.586            0      435.688      150.567      141.990
      596        0.767        5.523            0      436.449      159.036      132.716
      597        0.872        5.573            0      436.992      158.971      138.619
      598        0.886        5.585            0      437.977      145.211      148.572
      599        0.830        5.435            0      430.584      161.047      139.755
      600        0.953        5.496            0      432.738      146.655      138.335
      601        0.897        5.461            0      435.112      173.149      140.319
      602        0.797        5.551            0      436.295      151.302      139.163
      603        0.793        5.583            0      436.923      139.382      142.610
      604        0.878        5.521            0      436.685      173.153      142.824
      605        0.814        5.557            0      432.134      132.574      140.223
      606        0.868        5.555            0      433.023      164.093      143.964
      607        0.874        5.562            0      437.541      151.530      144.465
      608        0.851        5.487            0      434.464      129.174      136.895
      609        0.770        5.533            0      435.765      144.682      138.981
      610        0.814        5.508            0      436.480      167.960      140.349
      611        0.761        5.570            0      437.581      166.441      143.049
      612        0.765        5.565            0      436.069      176.870      142.417
      613        0.826        5.564            0      435.738      154.898      142.348
      614        0.840        5.581            0      436.049      171.230      141.632
      615        0.855        5.439            0      433.910      154.621      142.845
      616        0.856        5.642            0      437.975      153.619      142.205
      617        0.967        5.540            0      437.057      145.004      144.531
      618        0.941        5.546            0      433.653      139.928      145.242
      619        0.832        5.604            0      436.875      151.697      143.414
      620        0.925        5.537            0      437.029      149.390      142.751
      621        1.041        5.596            0      439.031      157.425      142.598
      622        0.799        5.564            0      435.783      151.752      142.225
      623        0.966        5.578            0      435.173      143.425      143.020
      624        0.947        5.526            0      433.967      145.163      141.460
      625        0.893        5.569            0      437.272      138.558      141.728
      626        1.001        5.562            0      435.662      122.949      145.179
      627        0.907        5.554            0      433.951      125.652      136.583
      628        0.907        5.580            0      436.056      113.491      143.583
      629        0.875        5.470            0      431.714      134.473      139.167
      630        0.863        5.617            0      436.867      138.633      144.335
      631        0.880        5.630            0      436.524      152.101      146.171
      632        1.036        5.429            0      437.923      172.836      145.371
      633        1.049        5.596            0      439.330      162.911      142.808
      634        0.778        5.557            0      438.656      155.830      140.319
      635        0.849        5.484            0      434.702      151.317      136.891
      636        0.842        5.572            0      435.522      143.449      143.166
      637        0.809        5.555            0      436.414      126.373      138.470
      638        0.789        5.459            0      439.357      127.340      142.135
      639        0.853        5.530            0      434.137      159.159      138.348
      640        0.861        5.536            0      434.965      145.181      142.071
      641        0.823        5.544            0      436.358      145.378      140.595
      642        0.949        5.576            0      439.275      153.878      142.892
      643        0.758        5.557            0      434.755      117.640      140.623
      644        0.734        5.577            0      436.082      124.880      143.419
      645        0.869        5.561            0      433.432      154.252      143.137
      646        1.070        5.535            0      438.276      153.029      142.024
      647        0.835        5.574            0      436.785      142.159      142.374
      648        0.926        5.534            0      435.512      152.116      144.609
      649        0.903        5.546            0      433.507      159.247      140.106
      650        0.896        5.552            0      438.301      133.482      143.942
      651        1.001        5.472            0      434.383      135.262      137.169
      652        0.820        5.508            0      433.959      151.152      139.019
      653        0.825        5.548            0      438.284      164.329      143.079
      654        0.828        5.502            0      437.169      144.027      140.768
      655        0.970        5.523            0      432.812      131.444      145.708
      656        0.736        5.486            0      433.812      145.940      139.801
      657        0.874        5.583            0      436.109      140.478      139.444
      658        0.856        5.595            0      439.148      141.231      145.418
      659        0.838        5.546            0      435.377      152.459      137.949
      660        0.858        5.526            0      432.425      123.542      138.919
      661        0.759        5.512            0      437.566      134.930      143.765
      662        0.723        5.536            0      435.263      148.387      141.026
      663        0.876        5.439            0      432.308      129.987      144.684
      664        0.779        5.586            0      438.119      137.758      137.382
      665        0.820        5.534            0      436.772      155.495      141.917
      666        0.838        5.516            0      432.098      150.037      139.509
      667        0.885        5.607            0      436.722      157.989      144.062
      668        0.926        5.508            0      432.595      158.487      140.407
      669        0.952        5.578            0      435.123      156.041      144.226
      670        0.850        5.511            0      437.065      153.394      137.869
      671        0.832        5.513            0      436.248      153.964      144.230
      672        0.762        5.603            0      436.084      159.610      137.903
      673        0.779        5.511            0      436.434      164.251      139.873
      674        0.871        5.516            0      433.904      140.322      134.974
      675        0.742        5.526            0      433.922      168.893      140.722
      676        0.865        5.502            0      433.617      170.477      140.773
      677        0.910        5.583            0      434.951      152.982      144.875
      678        0.828        5.548            0      435.322      147.240      138.611
      679        1.075        5.599            0      438.364      152.460      139.393
      680        0.937        5.584            0      439.119      157.577      142.098
      681        0.950        5.592            0      436.844      173.252      143.311
      682        0.887        5.563            0      437.885      157.063      141.351
      683        0.862        5.602            0      438.067      149.234      142.102
      684        0.712        5.517            0      434.984      165.922      142.182
      685        0.839        5.614            0      437.903      142.017      144.691
      686        0.783        5.577            0      435.232      160.382      139.215
      687        0.914        5.584            0      433.322      156.256      143.020
      688        0.792        5.523            0      434.161      151.924      140.944
      689        0.832        5.569            0      437.146      145.160      143.005
      690        0.935        5.602            0      439.223      148.608      141.428
      691        0.767        5.540            0      433.216      158.156      145.347
      692        0.859        5.525            0      434.648      118.837      142.127
      693        0.926        5.598            0      435.481      157.098      145.731
      694        0.802        5.475            0      433.905      132.783      138.566
      695        0.746        5.569            0      435.634      150.097      142.700
      696        0.889        5.590            0      433.600      182.804      136.266
      697        0.748        5.506            0      433.696      149.307      138.265
      698        0.788        5.521            0      436.610      132.620      141.516
      699        1.038        5.581            0      435.097      153.316      142.224
      700        0.978        5.526            0      432.737      160.911      142.752
      701        0.807        5.507            0      436.117      156.016      140.585
      702        0.747        5.548            0      434.873      164.209      138.341
      703        0.738        5.567            0      435.885      187.550      138.496
      704        0.795        5.561            0      434.730      152.907      143.695
      705        0.958        5.595            0      438.578      173.052      142.216
      706        0.723        5.575            0      436.160      153.710      144.861
      707        0.817        5.571            0      431.813      161.046      139.400
      708        0.846        5.598            0      435.208      164.870      141.239
      709        0.873        5.553            0      438.012      167.297      141.346
      710        0.861        5.547            0      433.235      158.430      143.392
      711        0.833        5.572            0      435.676      168.669      143.213
      712        0.708        5.589            0      435.704      140.095      140.157
      713        0.967        5.661            0      438.095      160.359      141.788
      714        1.002        5.567            0      434.606      169.864      141.810
      715        0.763        5.498            0      435.565      151.698      141.393
      716        0.908        5.552            0      438.908      143.357      143.608
      717        0.930        5.586            0      436.428      158.262      142.881
      718        0.837        5.569            0      438.914      148.816      141.851
      719        0.814        5.501            0      436.167      127.673      144.543
      720        0.843        5.534            0      433.688      153.967      134.597
      721        1.014        5.551            0      436.917      166.114      139.530
      722        0.779        5.572            0      440.514      143.052      146.806
      723        0.822        5.600            0      437.122      136.675      149.147
      724        0.718        5.566            0      435.395      159.310      139.614
      725        1.021        5.630            0      439.488      159.852      142.348
      726        0.872        5.470            0      432.230      162.373      142.747
      727        0.879        5.518            0      432.602      163.608      140.574
      728        0.749        5.492            0      433.338      141.693      140.981
      729        0.812        5.552            0      434.398      157.010      141.873
      730        0.784        5.504            0      436.039      149.929      140.299
      731        0.696        5.571            0      435.081      135.987      139.426
      732        0.767        5.526            0      436.658      153.986      138.944
      733        0.900        5.577            0      437.133      164.546      142.405
      734        0.845        5.530            0      434.097      184.461      141.397
      735        0.828        5.527            0      436.457      174.634      138.548
      736        0.799        5.556            0      436.817      168.188      141.253
      737        0.955        5.572            0      435.741      153.788      138.394
      738        0.833        5.606            0      437.735      156.825      143.515
      739        0.723        5.556            0      432.758      153.270      145.140
      740        0.957        5.516            0      434.871      136.334      138.787
      741        0.937        5.548            0      434.805      138.349      144.348
      742        0.996        5.541            0      436.051      150.867      143.218
      743        0.966        5.482            0      434.755      157.677      136.590
      744        0.901        5.558            0      435.154      172.865      142.240
      745        0.935        5.443            0      436.196      157.665      140.117
      746        0.898        5.590            0      439.061      160.541      142.977
      747        1.030        5.615            0      435.529      155.930      144.047
      748        0.827        5.543            0      434.566      143.028      140.458
      749        0.867        5.548            0      437.904      159.346      143.700
      750        0.957        5.592            0      440.127      156.128      142.313
      751        0.894        5.529            0      434.653      133.365      132.762
      752        0.943        5.596            0      437.728      136.621      142.347
      753        0.840        5.439            0      429.482      128.877      138.388
      754        1.007        5.581            0      438.455      147.286      144.760
      755        0.822        5.614            0      436.415      149.932      144.838
      756        0.835        5.579            0      435.004      161.032      143.775
      757        0.861        5.484            0      433.503      151.665      140.073
      758        0.772        5.569            0      435.413      157.110      143.776
      759        0.735        5.529            0      435.836      155.926      139.504
      760        0.774        5.487            0      432.862      150.554      143.642
      761        0.770        5.582            0      435.459      147.560      138.721
      762        0.808        5.506            0      431.387      144.969      142.479
      763        0.889        5.455            0      434.951      163.530      142.760
      764        0.789        5.564            0      435.620      147.187      134.771
      765        0.765        5.543            0      434.544      151.187      143.111
      766        0.788        5.531            0      434.493      134.728      143.550
      767        0.759        5.567            0      434.684      144.545      144.699
      768        0.905        5.551            0      434.755      178.835      146.207
      769        0.837        5.567            0      439.534      188.696      141.795
      770        0.982        5.433            0      432.368      176.685      143.410
      771        0.884        5.646            0      436.182      170.970      144.307
      772        0.763        5.531            0      434.264      182.440      141.600
      773        0.778        5.519            0      433.188      140.427      139.879
      774        0.795        5.521            0      434.349      168.570      140.613
      775        0.855        5.576            0      437.491      142.310      135.967
      776        0.916        5.528            0      431.996      148.643      138.789
      777        0.865        5.556            0      435.685      144.065      146.623
      778        0.907        5.432            0      430.390      129.941      142.176
      779        0.879        5.592            0      440.253      146.122      140.507
      780        0.882        5.497            0      435.976      131.211      139.997
      781        0.790        5.529            0      436.626      128.780      140.631
      782        0.850        5.526            0      432.291      164.856      141.112
      783        0.936        5.524            0      434.439      140.627      141.708
      784        0.966        5.476            0      434.674      147.871      137.132
      785        0.878        5.504            0      436.504      142.800      143.378
      786        0.865        5.525            0      432.467      160.303      139.296
      787        0.743        5.459            0      433.041      143.484      141.050
      788        0.891        5.584            0      433.741      145.658      142.789
      789        0.810        5.617            0      436.274      149.230      142.109
      790        0.867        5.539            0      435.014      158.570      143.914
      791        0.944        5.599            0      440.884      150.756      142.757
      792        0.862        5.586            0      433.747      160.860      143.951
      793        0.767        5.475            0      433.940      134.402      139.825
      794        0.989        5.502            0      437.059      164.027      139.736
      795        0.950        5.550            0      437.277      150.749      141.140
      796        0.828        5.488            0      431.294      156.763      139.321
      797        0.951        5.486            0      435.143      141.846      146.939
      798        0.728        5.528            0      435.615      161.773      142.953
      799        0.926        5.510            0      434.822      129.106      139.755
      800        0.767        5.559            0      436.079      137.637      142.545
      801        0.835        5.574            0      434.768      149.476      142.449
      802        0.824        5.502            0      435.135      150.513      144.069
      803        0.875        5.557            0      436.129      159.970      139.554
      804        0.980        5.400            0      435.284      146.579      138.942
      805        0.789        5.478            0      433.780      156.984      140.389
      806        0.826        5.481            0      434.084      160.870      138.682
      807        0.760        5.587            0      436.290      157.993      138.046
      808        0.870        5.502            0      433.475      156.558      140.957
      809        0.851        5.467            0      433.071      158.595      138.632
      810        0.874        5.543            0      435.016      155.229      142.337
      811        0.956        5.588            0      439.117      152.223      143.806
      812        0.885        5.577            0      434.869      141.614      140.425
      813        0.821        5.568            0      435.563      133.734      140.215
      814        0.826        5.557            0      435.679      143.752      147.013
      815        0.830        5.511            0      434.925      147.345      143.054
      816        0.879        5.557            0      433.653      136.245      143.892
      817        0.912        5.584            0      436.867      146.188      145.380
      818        0.750        5.518            0      436.244      153.530      143.884
      819        0.799        5.589            0      437.934      152.070      142.708
      820        0.972        5.549            0      438.685      157.269      139.330
      821        0.878        5.509            0      436.529      160.320      143.285
      822        0.743        5.489            0      434.257      125.661      139.285
      823        0.877        5.618            0      437.769      138.927      136.604
      824        0.946        5.562            0      436.628      147.337      142.575
      825        0.693        5.562            0      436.056      159.672      141.322
      826        0.890        5.487            0      434.320      155.569      142.559
      827        0.916        5.589            0      436.095      143.561      138.371
      828        0.806        5.586            0      440.441      151.726      139.178
      829        0.769        5.528            0      434.922      135.128      143.390
      830        0.911        5.619            0      438.286      147.919      147.061
      831        0.822        5.571            0      436.298      137.262      142.275
      832        0.956        5.551            0      434.994      136.122      138.423
      833        0.936        5.517            0      436.723      144.349      142.129
      834        0.830        5.545            0      437.655      162.780      141.120
      835        0.954        5.591            0      435.090      173.256      146.202
      836        0.857        5.572            0      438.539      143.779      146.205
      837        0.810        5.575            0      434.053      143.829      139.106
      838        0.820        5.577            0      435.883      147.434      141.240
      839        0.912        5.566            0      437.298      144.276      137.897
      840        0.878        5.496            0      436.274      151.360      135.301
      841        0.860        5.514            0      437.121      147.964      141.366
      842        0.859        5.513            0      435.673      135.046      138.198
      843        0.750        5.511            0      432.946      131.490      137.699
      844        0.853        5.552            0      437.431      152.375      139.456
      845        0.963        5.559            0      438.037      175.033      137.521
      846        0.819        5.482            0      436.458      164.713      142.065
      847        0.795        5.503            0      435.816      158.984      139.581
      848        0.958        5.456            0      432.804      163.053      143.533
      849        0.891        5.597            0      435.905      146.388      142.532
      850        0.846        5.566            0      437.198      151.587      142.858
      851        0.952        5.542            0      434.436      169.502      140.905
      852        0.974        5.580            0      435.765      157.786      139.984
      853        0.978        5.647            0      437.733      157.752      145.464
      854        0.803        5.601            0      439.302      146.613      144.205
      855        0.897        5.534            0      435.843      146.187      139.815
      856        0.794        5.567            0      438.930      149.286      141.956
      857        0.846        5.589            0      435.725      148.265      141.380
      858        0.814        5.544            0      437.715      144.481      142.595
      859        0.717        5.546            0      433.891      135.980      138.703
      860        0.801        5.479            0      435.903      146.721      140.873
      861        0.827        5.540            0      431.247      133.839      139.374
      862        0.881        5.518            0      432.044      132.118      140.835
      863        0.872        5.495            0      434.832      142.834      143.182
      864        0.850        5.457            0      434.295      132.542      140.089
      865        0.789        5.531            0      435.347      125.393      138.737
      866        0.851        5.654            0      436.915      147.946      138.533
      867        0.759        5.509            0      435.677      149.630      140.572
      868        0.786        5.601            0      437.921      143.854      138.787
      869        0.910        5.600            0      434.422      151.918      142.208
      870        0.762        5.577            0      437.843      146.360      139.514
      871        0.832        5.521            0      435.220      135.762      138.828
      872        0.804        5.600            0      440.082      147.545      146.243
      873        0.752        5.570            0      437.166      154.701      136.086
      874        0.907        5.451            0      432.624      148.850      138.641
      875        0.916        5.580            0      437.533      154.979      143.131
      876        0.772        5.584            0      435.064      140.148      137.753
      877        0.753        5.620            0      437.799      157.464      140.699
      878        0.935        5.402            0      431.591      150.580      141.563
      879        0.854        5.457            0      435.159      144.026      143.489
      880        0.941        5.446            0      434.101      157.617      137.539
      881        0.953        5.600            0      436.915      146.449      146.280
      882        0.823        5.544            0      437.262      138.578      142.070
      883        0.821        5.559            0      435.589      153.554      143.359
      884        0.775        5.560            0      436.023      146.754      143.909
      885        0.805        5.517            0      433.891      155.822      142.564
      886        0.829        5.519            0      434.469      167.346      137.725
      887        0.800        5.501            0      436.821      147.633      141.071
      888        0.805        5.532            0      433.973      150.369      142.493
      889        0.846        5.536            0      436.189      130.925      139.195
      890        0.825        5.649            0      434.851      148.883      142.347
      891        0.756        5.489            0      436.302      126.523      143.586
      892        0.867        5.594            0      435.894      153.956      145.259
      893        0.843        5.648            0      439.055      151.487      142.150
      894        0.928        5.446            0      436.404      126.720      142.692
      895        0.854        5.473            0      435.121      138.675      140.616
      896        0.925        5.550            0      435.165      153.944      142.679
      897        0.852        5.457            0      438.339      161.489      138.647
      898        0.965        5.566            0      436.415      151.032      144.622
      899        0.933        5.526            0      434.401      152.280      143.855
      900        0.890        5.546            0      436.304      153.204      145.743
      901        1.007        5.675            0      439.432      169.967      149.846
      902        0.866        5.522            0      435.008      155.378      144.499
      903        0.854        5.515            0      437.869      149.537      142.589
      904        0.876        5.509            0      435.252      154.509      142.006
      905        0.855        5.580            0      436.036      143.911      145.288
      906        0.916        5.625            0      437.986      164.934      144.488
      907        0.784        5.570            0      430.922      161.599      144.175
      908        0.880        5.560            0      437.064      157.318      140.129
      909        0.924        5.527            0      434.424      154.029      140.019
      910        0.862        5.639            0      438.114      131.761      140.820
      911        0.777        5.577            0      435.643      158.157      145.423
      912        0.810        5.533            0      434.232      151.611      142.815
      913        0.916        5.527            0      436.788      168.241      142.649
      914        0.853        5.495            0      436.390      149.331      138.653
      915        0.838        5.569            0      438.436      144.617      142.215
      916        1.067        5.571            0      437.526      152.160      140.946
      917        0.854        5.454            0      434.369      150.260      143.421
      918        0.799        5.560            0      436.176      154.944      143.704
      919        0.884        5.531            0      435.794      138.544      141.772
      920        1.041        5.468            0      430.699      165.638      141.780
      921        0.899        5.610            0      439.065      153.719      138.582
      922        0.933        5.571            0      436.501      166.845      140.312
      923        0.907        5.562            0      435.777      162.496      139.592
      924        0.962        5.539            0      431.947      146.720      139.340
      925        0.883        5.577            0      436.484      158.043      142.262
      926        0.983        5.549            0      437.886      151.097      143.054
      927        0.803        5.533            0      435.612      146.757      143.643
      928        0.845        5.624            0      439.047      162.192      141.674
      929        0.973        5.629            0      437.273      156.830      144.483
      930        0.879        5.520            0      432.919      158.510      137.384
      931        0.790        5.440            0      433.324      167.234      142.375
      932        0.914        5.405            0      431.793      156.292      140.066
      933        0.880        5.535            0      433.351      156.588      135.459
      934        0.924        5.551            0      435.754      154.758      141.861
      935        0.850        5.572            0      439.970      142.135      142.862
      936        0.914        5.628            0      435.224      151.175      143.057
      937        0.927        5.621            0      440.819      153.712      140.772
      938        0.882        5.601            0      434.725      133.841      143.265
      939        0.884        5.560            0      438.447      141.753      141.728
      940        0.925        5.600            0      439.128      129.855      143.673
      941        0.820        5.493            0      435.120      135.094      140.045
      942        0.755        5.504            0      433.378      134.593      137.834
      943        0.769        5.532            0      437.286      147.069      142.052
      944        0.831        5.523            0      434.156      151.348      139.539
      945        0.846        5.594            0      438.171      141.743      143.247
      946        0.839        5.500            0      435.500      161.742      138.430
      947        1.008        5.623            0      441.030      172.385      147.257
      948        0.977        5.585            0      436.287      147.767      143.893
      949        0.849        5.516            0      437.705      134.624      136.621
      950        0.822        5.480            0      432.352      122.056      144.475
      951        0.818        5.531            0      434.886      122.634      142.253
      952        0.804        5.495            0      437.923      134.524      137.271
      953        0.956        5.637            0      436.870      169.184      141.216
      954        0.789        5.520            0      432.526      140.345      141.242
      955        0.798        5.529            0      431.770      130.245      145.490
      956        0.855        5.584            0      436.616      140.872      143.398
      957        0.840        5.553            0      436.225      145.068      142.344
      958        0.778        5.572            0      437.933      120.184      143.539
      959        0.739        5.552            0      431.862      152.042      139.884
      960        0.777        5.557            0      435.753      141.581      143.224
      961        0.855        5.465            0      432.522      131.518      148.177
      962        0.848        5.539            0      437.210      170.180      139.631
      963        0.953        5.545            0      438.409      157.764      144.078
      964        0.869        5.545            0      432.629      137.231      142.478
      965        0.869        5.601            0      435.752      155.917      143.282
      966        0.939        5.564            0      437.658      148.987      143.589
      967        0.806        5.515            0      434.254      138.650      142.324
      968        0.885        5.592            0      437.471      156.367      138.020
      969        0.842        5.488            0      433.121      142.619      141.443
      970        0.941        5.599            0      436.762      147.526      145.902
      971        0.972        5.534            0      435.516      147.048      140.071
      972        0.907        5.640            0      437.956      127.953      145.633
      973        0.936        5.559            0      432.678      150.630      139.583
      974        0.822        5.520            0      434.774      143.209      141.759
      975        0.872        5.462            0      432.690      143.279      135.935
      976        0.823        5.521            0      435.707      138.287      138.790
      977        0.893        5.631            0      437.229      157.130      145.070
      978        0.922        5.540            0      435.719      135.037      143.727
      979        0.882        5.545            0      437.669      141.308      140.911
      980        0.808        5.542            0      434.916      151.122      142.462
      981        0.767        5.551            0      435.990      155.567      141.949
      982        0.827        5.525            0      434.395      146.922      141.024
      983        0.996        5.476            0      437.264      156.455      145.419
      984        0.867        5.605            0      436.881      171.229      143.698
      985        1.027        5.452            0      433.737      146.350      140.408
      986        0.944        5.624            0      439.084      152.119      147.693
      987        0.992        5.540            0      435.134      156.522      140.570
      988        0.859        5.606            0      438.244      153.498      139.236
      989        0.901        5.525            0      434.757      145.780      146.077
      990        0.887        5.572            0      433.134      156.240      138.400
      991        0.870        5.558            0      432.924      154.414      140.209
      992        0.772        5.529            0      435.497      154.404      134.861
      993        0.831        5.579            0      436.894      161.258      141.018
      994        0.787        5.542            0      434.203      139.685      140.540
      995        0.830        5.591            0      437.268      157.651      143.225
      996        0.921        5.512            0      436.475      144.602      143.099
      997        1.027        5.659            0      438.743      151.010      142.466
      998        0.927        5.527            0      438.462      158.436      144.262
      999        0.894        5.562            0      435.142      151.529      144.893
     1000        0.779        5.506            0      432.738      132.807      139.572
