   # Atom# PDBResName  wrt_Protein   wrt_Ligand 
         1                   1.847        0.425
         2                   1.647        0.230
         3                   1.690        0.490
         4                   1.848        0.568
         5                   1.350        0.240
         6                   1.105        0.273
         7                   1.028        0.425
         8                   0.971        0.390
         9                   0.917        0.262
        10                   0.964        0.221
        11                   1.058        0.342
        12                   1.038        0.367
        13                   1.184        0.590
        14                   1.114        0.600
        15                   2.077        0.768
        16                   1.958        0.696
        17                   1.443        0.173
        18                   1.216        0.262
        19                   1.336        0.498
        20                   1.438        0.442
        21                   1.044        0.268
        22                   0.982        0.250
        23                   1.019        0.381
        24                   0.920        0.235
        25                   0.926        0.152
        26                   0.944        0.201
        27                   0.928        0.178
        28                   1.132        0.375
        29                   0.953        0.145
        30                   0.969        0.256
        31                   1.016        0.261
        32                   1.080        0.437
        33                   1.043        0.243
        34                   0.999        0.206
