## Torsion are defined with the following atomIDs:
# dihed1: ai= 17872 aj= 8328 ak= 8314 al= 8315
# dihed2: ai= 8328 aj= 8314 ak= 8315 al= 8317
# dihed3: ai= 8317 aj= 8315 ak= 8330 al= 8333
# dihed4: ai= 8332 aj= 8331 ak= 8319 al= 8341
# dihed5: ai= 8339 aj= 8338 ak= 8342 al= 8347
# dihed6: ai= 8346 aj= 8347 ak= 8325 al= 8327
# Frame#   dihed1   dihed2   dihed3   dihed4   dihed5   dihed6
0   24.713 -104.174 -170.438  162.164   -4.230   52.431
1    3.999  -80.823  168.099  163.464    3.268   55.477
2  -17.661  -85.906 -172.158 -166.638   -8.426   53.009
3   33.504 -179.253 -109.022 -179.015   -3.991   83.970
4  -21.594  -78.769 -171.328 -171.303  -14.400   41.312
5   15.503  -93.259  175.853 -152.145   -4.519   41.761
6   12.309 -130.410 -121.204 -155.786  -19.970   51.228
7   -4.592  -95.754 -174.204 -164.082   -2.040   48.001
8  -13.535 -131.780 -167.028 -178.553  -20.095   42.535
9   -7.515 -128.533 -170.947 -145.482  -11.369   49.325
10   10.727 -111.512 -170.443 -155.769  -13.284   27.623
11    2.620 -156.770 -156.142  179.047  -32.529   66.620
12   -5.662 -112.824 -168.816  173.044  -45.422   56.988
13   39.083  128.072 -109.290 -153.342    2.092   70.984
14    7.907  102.905  161.574  165.637  -18.784   72.293
15   18.023    0.522 -127.964 -133.034  -23.838   26.696
16  -27.164  126.321  177.935  161.864  -11.526   79.326
17  -30.796   17.331 -162.461 -153.943  -35.136   44.481
18  -13.221   98.446  171.042 -173.651  -26.053   51.794
19  -31.355   -3.748  -76.647  153.446  -16.250   34.632
20   -9.690  142.924 -173.900  133.146  -24.816   41.761
21   29.794   21.451 -158.693 -168.956  -21.218   34.079
22  -19.832   98.887 -159.817 -146.214  -27.832   43.270
23  -12.733  116.058 -174.446 -138.155  -22.781   47.458
24  -16.754  116.653 -174.541 -159.718  -13.086   36.947
25  -17.473  104.053 -177.398 -147.021  -32.669   37.180
26  -17.399  112.088  178.959 -137.685  -33.802   42.628
27    8.900   93.463 -154.808 -146.946  -34.846   60.240
28  -13.060  115.004  170.367 -152.951  -18.493   55.570
29  -14.126 -166.061 -134.695 -159.882  -20.825   62.762
30   16.011  104.536  179.616 -159.804   -2.312   60.326
31    4.924  112.576 -153.169 -148.015  -25.126   57.870
32  -18.199   92.255 -173.262 -146.709  -25.106   56.425
33  -13.907  123.397  170.296 -133.235  -29.309   56.111
34   26.615  101.787 -166.322 -154.024  -15.817   69.102
35    1.683  107.691 -169.366 -139.879  -11.901   41.520
36   -4.417  114.570 -175.702 -152.328  -22.780   44.056
37   -8.104   94.825 -167.167 -136.006  -26.892   51.142
38    3.255  119.630 -176.040 -146.336  -10.415   54.864
39   17.393  109.520  169.035 -159.728  -10.918   52.479
40   -8.518   81.837 -160.057  176.848  -27.983   57.592
41   15.606   89.805 -151.139 -161.343   -8.727   61.880
42   -5.885  116.544 -166.539 -164.548  -26.652   54.238
43    3.492   85.764 -174.694 -136.387  -23.987   65.035
44  -10.075   86.905 -168.827 -153.584  -22.265   48.844
45  -15.611   99.699 -167.811 -145.193  -10.529   68.600
46   -8.425   82.431  172.216 -141.694  -29.815   39.122
47  -22.048  102.727 -174.707 -165.229  -25.795   50.383
48    8.056  105.465 -174.837  179.756  -15.894   39.828
49    2.828  112.232 -177.775 -128.365   -5.961   72.809
50   -5.019  103.458 -173.946 -142.899  -12.464   63.452
51   -0.583  107.220 -148.745 -137.116  -27.272   30.950
52  -13.307   97.723 -176.133 -161.168  -30.366   45.453
53    7.440  101.335 -171.157 -138.670  -21.488   53.309
54   -3.400   97.158 -170.446 -157.399  -21.572   50.402
55  -18.724   77.100 -148.504 -154.733  -24.079   29.862
56   11.876   93.290 -169.480 -139.060   -8.300   39.329
57   -9.930    3.032 -130.170 -175.050  -52.607   78.603
58   16.406   92.873  176.620 -132.603  -16.321   44.982
59   -9.086   81.321  175.501 -141.930  -27.568   32.802
60  -10.477  -94.643 -150.687  145.250  -25.403   79.915
61  -41.605 -145.499 -130.225 -153.983  -22.948   49.860
62   17.162   92.300 -170.366 -143.630  -32.553   39.901
63   -2.327  104.746 -164.400 -142.745  -46.295   65.630
64    1.418  -13.726  -82.906 -157.725  -21.729   41.255
65   -3.333  114.105 -168.983 -134.878  -37.782   32.522
66   -7.398   90.638 -155.810 -154.557  -12.365   75.255
67   38.676   85.789 -162.988 -150.225  -33.562   41.869
68    5.121  103.970 -177.160 -143.181  -21.530   31.770
69  -15.167   56.965 -177.349 -151.222  -14.139  103.965
70   29.368  106.312 -160.193 -128.272   -4.989   63.952
71  -21.325   68.155 -163.732  175.799  -28.581   46.021
72    1.573  106.094 -153.344 -167.557  -35.924   58.958
73   15.326  100.410  178.314 -155.289  -21.933   47.580
74    8.909 -102.157 -167.653  174.809   -6.174   84.228
75  -21.286 -145.504 -162.490 -156.927  -18.450   98.765
76   -4.896   90.542  163.229 -179.207  -28.401   77.998
77  -21.744  146.974 -179.041 -144.102  -29.411   51.604
78   -2.021  118.388  175.579 -153.495  -29.534   67.809
79   26.701  100.069 -137.281 -155.866  -10.437  102.034
80  -11.261   96.635 -170.697  155.862  -43.426   49.817
81   14.790  -27.303 -166.979 -174.755  -23.174   77.188
82   11.535  107.628 -145.662 -158.365  -28.741   75.592
83   15.885    1.750 -144.511 -171.488  -21.420   99.949
84  -15.473   95.406 -175.274 -141.406  -28.685   39.493
85  -15.459  123.016 -157.110 -131.143  -25.010   41.347
86    6.350  118.964  172.441 -162.594  -19.683   43.941
87    0.905   91.418 -164.103 -136.856  -24.958   57.457
88   -8.567   98.970 -166.497 -147.891  -31.373   35.608
89   -7.173  112.318 -175.027  132.582  -30.349   83.782
90   12.796   83.251 -173.847 -131.822  -27.077   50.969
91  -14.523   76.401 -179.876 -145.646  -29.023   62.179
92  -14.990   97.096 -169.018 -155.139  -23.222   42.059
93   -2.881  107.377 -171.654 -147.880  -30.627   57.101
94   12.609  114.744 -179.669 -140.604  -24.942   43.754
95   14.875   96.256 -166.144  159.815  -26.740   40.548
96   -3.029  108.706  177.476 -133.231  -24.378   43.670
97  -22.948   88.104  175.768 -140.423  -63.919   48.242
98   -4.470   69.077 -153.781 -151.567  -31.589   40.252
99    5.177   88.140 -171.215 -157.975  -12.818   58.977
100   21.566   18.029  178.916 -169.289  -24.320   47.969
101  -16.541   25.576 -139.962 -142.834  -31.590   46.449
102   -5.885  102.887 -179.095 -152.368  -30.287   46.097
103   -2.460   11.594 -132.101 -161.159  -11.933   23.815
104  -13.472   87.258  174.813 -151.103  -27.211    7.038
105   -9.678   -3.053 -152.695 -128.861  -47.186   62.292
106    1.920  -71.706 -173.776 -156.694  -25.766   64.258
107   36.939   10.051 -126.553 -147.551  -32.974   46.118
108   14.552   96.367 -177.016 -153.794  -29.222   47.548
109   11.171   84.440 -179.607 -170.560   -8.985   53.361
110   19.167  112.122 -159.241 -179.784  -40.055   56.957
111    8.258  101.780 -170.253  173.694  -24.964   39.250
112    1.416   77.027 -171.939 -156.311  -41.438   64.981
113   19.772   82.974 -142.441 -144.595  -34.645   75.202
114   -5.031   77.615 -170.181 -151.611  -31.606   94.519
115    0.459  -18.021 -162.442 -148.194  -22.077   75.771
116  -33.079  100.181 -172.535 -134.694  -40.956   81.275
117  -31.041  108.540  175.684 -157.395  -33.156   63.693
118   -0.535   59.101 -162.817 -161.791  -24.297   51.554
119  -14.626    8.190  -90.746 -152.951  -39.496   35.909
120    1.489   14.265 -166.352 -147.330  -22.998   50.532
121  -10.323   88.913 -169.408 -147.665  -24.582   72.603
122   14.282    8.760 -130.145 -152.227  -24.880   78.695
123    4.003  110.301 -163.818  152.657  -10.124   37.463
124    8.793   30.475  -62.690  142.397  -24.314   53.085
125   10.855   97.179 -171.884 -148.597  -29.091   40.123
126   19.407   99.453 -172.556 -163.521    1.262  107.574
127    4.479   14.580 -135.777 -162.154  -33.386   62.701
128   -2.755  128.007 -172.867 -129.502  -33.006   26.933
129  -30.771   96.637 -165.932 -144.185  -16.017   40.122
130   16.945   57.808 -139.200 -155.134  -21.465   55.295
131   22.771 -109.361 -175.423 -142.750  -49.833   32.347
132   34.085  -85.536 -156.115 -144.870  -34.194   86.390
133   -3.895   -0.762 -133.475 -171.232  -30.306   56.112
134    3.901   90.758 -174.987 -155.500  -35.405   94.846
135   -3.660  106.504 -171.833 -164.294  -26.482   67.024
136   10.048   82.722 -151.692 -151.774  -32.503   38.260
137   -8.854   78.647 -160.557 -160.946  -17.266   32.397
138    8.909  111.267  167.181 -126.084  -40.841   62.605
139   -4.318   35.043 -152.720 -158.053  -21.315   92.920
140    9.759   99.011 -158.234 -165.682  -13.925   59.580
141  -26.614   98.502 -152.711 -129.411  -20.446   90.002
142   -9.160  104.383 -157.516 -155.088  -13.074   41.228
143  -25.578  100.937 -175.920 -148.848   -0.400   63.153
144   12.800   37.212 -167.752  152.822  -11.037   23.453
145  -29.072   96.749 -169.893 -150.644  -12.008   37.333
146    4.736 -173.682 -160.887 -144.132   -4.535   42.487
147  -10.328   21.423 -122.673 -176.787  -36.743   45.601
148  -28.390   85.761 -148.539 -156.364   -4.925   35.091
149   19.861    5.234 -127.319 -155.633  -31.968   47.501
150   -5.141  100.919 -161.148 -172.700  -36.159   54.298
151   -7.854  113.042 -166.147 -169.829  -25.627   52.749
152  -14.265  119.903  159.180 -151.515  -29.670   31.761
153  -14.830  126.219 -167.427 -176.004  -35.237   25.656
154    9.210  105.640 -176.980 -162.906  -34.982   53.730
155    7.981   99.259 -157.059  175.803  -24.825   42.771
156    8.123   93.527 -166.882  163.999  -24.251   59.276
157  -12.931   98.972 -159.842  149.522  -15.293   37.798
158   -5.750  114.897  166.120  173.764  -35.305   51.220
159   -7.881   94.324  174.645 -173.615  -20.221   58.844
160   -4.171  111.124 -166.962  157.988  -16.442   23.910
161   34.114  115.716  165.210 -160.300  -22.564   53.623
162  -12.109  100.550 -178.337  178.876  -14.207   41.386
163   21.427   99.532 -175.290  174.582  -11.723   36.973
164   18.259  112.504 -166.544  166.129  -24.745   49.623
165    5.891  110.992  177.937  177.824  -20.643   27.277
166  -13.866  104.503  170.877 -167.710  -32.042   49.178
167   33.691  110.518 -153.992  155.331  -22.279   32.082
168   15.095  119.822  177.960 -170.572  -31.826   50.058
169  -19.764   97.383 -157.308  173.651  -16.362   51.852
170   -5.060   95.948  177.507  158.188  -23.167   53.025
171   17.138   86.020 -143.925  159.639  -17.125   35.966
172   -3.801  107.419 -161.418  162.277  -12.370   49.725
173   26.793  121.399 -170.850  165.027  -28.516   31.458
174   14.074  125.296 -156.766  157.815  -28.224   52.532
175  -13.002   95.353 -134.737  157.953  -22.492   48.455
176   -0.614  109.596 -165.609  168.641  -34.415   48.012
177   -2.399  143.803 -158.092  145.850  -16.007   39.587
178    9.084  130.642 -162.167  143.466  -24.646   44.709
179    8.532   85.322 -161.851  149.750  -18.541   45.332
180   -3.802  121.697 -166.798  149.312  -31.626   28.430
181    2.168  107.071 -169.012  156.856  -40.786   28.984
182    6.391  101.672  174.167 -161.121  -15.648   45.469
183   -9.012  119.624 -167.705  159.993  -13.988   51.198
184   16.813   91.861 -157.598  163.183  -25.480   91.291
185  -22.096  104.092 -176.363 -166.824  -17.776   97.944
186   -8.592  115.628  161.675 -160.090  -37.027   77.820
187  -14.810   98.609  177.778 -170.362  -38.867   45.622
188   -8.560   82.182 -178.464  176.469  -12.231   26.527
189  -33.173  105.839 -176.518 -151.842  -19.642   55.116
190    7.927  104.879 -172.886  175.012  -24.183   37.934
191   -5.231  105.556 -146.152  162.471  -21.713   57.836
192   20.220  114.791 -158.694 -171.024  -27.554   49.616
193    1.817   93.665 -172.430 -136.888  -25.873   50.210
194  -15.975  112.485 -155.704 -170.426  -37.035   45.370
195   14.987   92.735 -175.090  176.303  -24.336   35.671
196   15.772  100.951 -167.192 -156.323  -12.884   33.504
197   -3.169  109.085 -162.600 -150.878  -14.332   65.319
198  -17.580   93.276 -173.855 -172.425  -16.077   37.623
199    9.256   93.151 -156.284  156.129  -38.489   45.887
200  -23.386   99.765 -176.691 -151.374  -41.245   55.998
201   15.194   95.691  179.553 -153.110  -17.195   49.420
202    2.176  112.303  175.694 -164.589   -8.953   45.130
203    3.816  134.078  175.481  173.080  -26.194   45.262
204    6.675  115.109 -171.043 -168.311  -19.159   39.647
205    0.673  147.744 -176.814  173.069  -14.242   36.175
206   -2.683   92.432 -166.234  166.324  -19.735   50.831
207   33.035   84.905 -156.726  148.218  -26.261   39.371
208    0.832   97.685 -177.428 -167.253  -15.598   65.665
209   23.712  111.116 -156.246 -159.925  -20.347   58.845
210  -20.287  105.028 -165.498 -177.967  -25.012   39.574
211  -12.247   85.809 -161.040 -163.852  -10.755   38.653
212    7.122  104.006 -157.792 -170.575  -15.354   32.315
213  -11.108  110.859  179.381 -164.000  -34.284   59.503
214   27.363   93.392 -168.215 -169.028  -19.437   31.651
215    2.423  120.204 -178.644 -165.754  -15.854   51.641
216   19.422  104.119 -165.259 -145.501  -30.652   58.806
217   -8.183  115.304 -168.132  168.859  -20.383   40.947
218   29.505   91.848 -174.421 -159.879  -20.289   44.640
219   -4.320   76.566  170.439 -128.937  -43.700   52.939
220  -21.151  104.576  165.556 -161.240  -19.280   41.716
221  -16.282   82.903 -153.102 -158.985  -25.095   48.391
222  -35.707  107.764  174.991 -160.089  -19.872   33.649
223    3.247  103.178 -171.673 -158.061  -18.203   42.024
224  -16.700   97.853  166.169 -154.811  -28.564   31.895
225   12.743  108.528  179.840 -146.989  -21.780   37.248
226   -0.027  113.337 -175.089 -175.501   -8.996   39.887
227   -9.478   90.751 -173.562 -159.598  -27.213   35.737
228    8.224   94.239 -176.918 -165.494  -37.249   32.623
229    0.852   97.651 -168.282 -154.899  -28.496   66.143
230   10.166  117.421 -144.456  165.309  -18.261   45.952
231  -26.614   86.272 -160.650 -174.637  -10.396   50.668
232    3.524   94.710 -161.482  156.462  -11.082   27.055
233  -30.071  117.841 -149.312  176.132  -21.959   63.534
234  -18.827   94.648 -161.097  171.219  -33.339   44.442
235   -0.086  126.893 -164.442 -169.614  -17.635   33.218
236   -6.300   90.709  173.513 -151.960  -13.399   45.479
237   -3.516   86.987  174.735 -174.213  -33.441   41.151
238   -8.195  107.533  177.955 -168.067  -32.877   39.685
239  -22.516   82.410 -165.276 -174.817  -16.585   57.672
240  -25.837  103.406 -158.379  166.918    3.103   72.473
241    1.839   93.005 -171.777 -156.557  -18.982   37.232
242   16.358   96.688 -138.947  161.489  -19.300   55.616
243    5.655   93.079 -173.822  158.334  -11.133   49.041
244    3.363   93.773 -173.477  162.289  -33.449   46.242
245  -20.222  111.802 -171.400  160.056  -22.807   32.411
246    7.886  104.793  166.652 -166.644  -19.661   39.244
247    7.524  106.602  171.917 -133.157  -31.610   49.274
248   -4.083  103.327 -152.006  169.671  -29.840   46.957
249    3.896   95.042 -173.111  150.157  -25.649   63.384
250   -6.438   98.551 -163.617  158.655  -25.017   53.350
251   -7.771   92.023 -171.481  178.048  -16.251   36.003
252   -5.003  100.447 -179.880  176.285  -28.736   52.082
253   12.616  100.014 -168.602 -156.696  -31.333   57.099
254    3.926   78.883  171.004 -153.369  -21.311  111.141
255  -40.808  113.038 -156.519  175.640  -23.962   45.318
256   -3.230  104.889 -174.946 -162.415  -36.453   46.702
257   -4.885   99.646 -178.381 -176.995  -26.973   39.684
258  -12.190  110.491 -173.482  168.966  -27.294   91.810
259   18.986  119.991 -162.219  171.106  -38.243   41.566
260   14.305  102.974 -168.102  168.842  -28.775   51.501
261   -2.778  115.208 -173.729 -172.834  -30.937   51.560
262    7.830  100.063 -174.407 -175.919  -31.201   33.180
263   17.010  106.991 -178.328 -147.966  -28.586   50.475
264    7.139  107.212 -169.506  161.121  -18.116   53.251
265   21.782  109.155 -160.966  178.903  -14.502   58.710
266   27.479  103.207 -161.744  149.797  -16.688   44.592
267  -10.226  115.240 -157.430 -164.481  -34.613   43.209
268    2.361  118.643 -169.127  166.325  -17.309   47.033
269    8.167  102.485 -167.871  171.230  -20.842   86.576
270   -5.444  142.595 -161.025  169.558  -34.147   29.969
271   -4.371  116.867 -173.857  172.935  -19.359   49.613
272   -9.689  121.298 -169.145  166.258  -30.742   48.784
273    2.635  107.901 -170.601  169.759  -30.905   48.090
274  -34.575   98.950 -175.170 -164.641  -15.874   61.816
275   15.850  111.023 -164.661  173.357  -60.723   49.784
276    5.902  106.138  175.916 -155.072   -9.004   64.000
277   10.203  119.035  176.045 -172.061  -26.752   59.279
278   -7.017  109.106 -173.404 -162.850  -20.789   36.650
279    8.791   98.420 -169.447 -158.116  -12.642   50.218
280    9.622   72.940 -160.317  176.737  -22.433   43.519
281   -3.523  107.864 -167.434  176.530  -13.674   32.674
282  -25.326  110.839 -150.452  155.258  -13.701   47.566
283   25.364  105.052 -157.008  152.379   -6.563   29.632
284   14.621   99.702 -172.667 -171.012   -9.282   60.788
285   19.098   89.076 -142.928  175.107  -23.922   46.545
286   24.656  107.091 -162.840  179.575  -27.294   44.877
287   30.928  108.923 -172.830 -144.135  -23.053   43.371
288   17.208  104.862 -158.550 -167.032  -27.857   45.368
289  -12.952  105.246 -147.517  154.347  -26.439   43.760
290  -15.121   96.474 -170.335 -158.075  -21.605   60.859
291    5.088   89.345 -176.129 -143.847  -16.435   40.919
292    9.871  119.266  178.400 -157.885  -27.897   29.445
293  -17.080  120.749  178.237 -152.979  -36.733   50.183
294   -3.324  138.229  167.021 -179.829  -21.178   48.496
295   11.092  103.627  176.918 -166.861   -8.973   40.724
296   13.340  108.997  178.229 -166.488  -28.480   36.569
297  -15.656   97.688 -172.919 -141.253  -35.741   62.885
298   39.890   95.820 -176.004 -157.771  -30.289   42.224
299  -22.820  112.019 -177.976 -161.040  -33.258   51.377
300   -2.006  116.325 -160.148 -170.938  -24.805   39.009
301   22.772  100.002 -171.822 -172.456  -15.462   37.232
302  -12.291  102.348 -175.704 -149.567  -23.716   43.337
303    9.549  113.129  163.776 -133.033  -39.571   50.112
304   -3.904   90.309 -162.513 -163.142   -9.330   52.308
305   -7.951  114.181  176.252 -164.402  -18.959   43.079
306   21.013  119.326 -175.243 -144.489  -34.158   48.203
307    5.311   93.188 -176.553 -161.342  -32.198   45.766
308   25.567   95.050 -178.160 -154.676  -21.570   60.764
309  -37.632  113.519  174.958 -148.685  -31.473   51.221
310    5.086  102.122 -174.640 -163.987  -27.048   48.259
311    9.931   99.886 -173.246 -179.520  -29.670   53.796
312  -11.593  115.366 -173.697 -152.760  -22.183   47.128
313   -8.476   95.379 -165.279 -157.455  -27.145   41.092
314   -1.256   83.196 -177.391 -145.742  -25.956   47.328
315    8.346  101.688 -170.873 -171.764   -7.134   41.339
316  -13.215  104.054 -168.553 -161.341  -40.741   41.275
317  -14.804  105.973  176.250 -174.850  -21.126   44.425
318    8.882  109.545  173.846 -165.426  -28.549   54.441
319  -12.849  118.803  176.162 -179.189   -8.876   64.243
320   -4.032  161.960 -148.167  152.896  -39.404   33.713
321  -11.006  122.336 -176.142 -154.071  -31.501   21.137
322    3.605  135.642 -176.224  172.574  -16.861   38.719
323    7.839  120.675 -169.187 -177.364  -26.862   47.723
324   25.896  120.671 -168.110 -154.843  -25.445   56.658
325    6.685  104.556  170.763 -141.833  -33.804   53.576
326   -7.611  127.531  177.712 -174.628  -21.903   49.232
327   13.700  132.375 -177.530 -145.479  -25.286   59.604
328  -36.262  137.494 -149.925  159.359  -28.907   48.606
329    5.144  123.956  173.088 -170.390  -29.719   31.223
330   10.198  153.515 -162.338  178.681  -25.276   47.639
331    0.387  106.384 -167.231  158.259  -21.667   38.599
332   20.076  123.301 -174.079 -169.095  -48.711   60.085
333  -12.568  123.224 -172.496  158.652  -29.589   57.551
334   27.943  114.812 -179.765 -170.282  -33.973   38.944
335   26.780  127.110 -178.994 -158.622  -28.659   36.811
336    1.339  129.187  171.211 -162.361  -35.127   25.542
337   15.210  161.034 -165.565  177.106  -19.554   32.411
338   17.593  122.029 -165.963  167.388  -26.664   51.079
339   -1.634  114.224 -172.383  160.680  -23.732   61.288
340  -28.441  103.417  176.481  179.722  -28.571   59.573
341    5.161   95.500 -177.486 -167.436  -12.983   55.268
342   -7.343  113.489 -176.681  175.952  -32.455   48.018
343   12.680   92.205 -164.665 -149.422  -32.323   59.084
344    1.273   96.168 -165.199 -151.833  -27.823   37.850
345    4.932  101.280  176.077 -155.561  -14.613   29.999
346   18.649  103.168 -171.428 -148.973  -35.751   57.970
347    7.713  117.168  168.457 -156.427  -19.896   47.146
348   -0.598  112.752 -152.307 -179.909  -21.017   77.238
349   -8.703  108.568 -178.655 -154.482  -14.668   73.478
350    3.663  117.431 -172.536  166.644  -25.169   56.044
351  -36.122  104.073  175.727 -170.866  -22.318   39.984
352    3.071   78.021 -160.713 -148.053  -10.903   35.827
353    7.504  100.352  174.634 -159.235  -26.223   46.467
354   -4.017   91.047 -160.633 -157.300  -37.041   47.203
355    4.216   96.483  174.113 -146.503  -14.459   50.583
356  -18.179  113.061  173.312 -154.967  -18.781   35.221
357  -16.447  113.067  179.622 -150.266  -38.489   43.929
358   10.515  110.289 -173.407 -153.602  -29.401   35.651
359   21.543  111.325 -155.586  176.660  -24.632   56.446
360   -5.535  108.082  178.614 -155.073  -36.887   55.099
361   10.886  118.510  178.191 -155.770  -30.056   55.951
362    5.774   99.186 -179.045 -170.655  -23.254   43.999
363    5.136  108.177 -158.724  141.442  -22.585   71.321
364  -13.688   95.603  176.779  167.397  -21.866   51.346
365   -5.393  115.053 -175.390 -178.768  -17.071   85.435
366  -13.532  100.404 -174.938 -156.208   -3.315   54.962
367    0.600   95.903 -178.152 -150.881  -21.558   50.852
368    6.597  101.857 -168.960  167.448  -16.094   55.624
369   22.977  111.108 -154.339  172.623  -14.931   25.780
370  -15.153   94.306 -173.370  161.374  -23.657   57.111
371   -1.626  118.300 -167.654  142.774  -34.558   41.478
372    0.153  106.445 -179.687  153.983   12.177   48.962
373   11.096   97.117 -173.619 -175.214  -15.883   61.094
374  -24.945  106.150  177.823 -150.269  -29.417   51.423
375    7.196   98.732  173.528 -146.009   -3.946   46.836
376    3.494  106.086 -157.474 -167.345  -18.636   36.284
377   11.954  127.631 -157.503  152.826  -39.457   45.182
378   -6.572  119.599 -173.044 -174.736  -10.622   40.068
379   -6.517  107.382 -166.132  172.715  -20.751   85.313
380  -11.243   95.739 -159.972 -147.191  -12.636   42.798
381   -1.177   90.060 -164.034 -162.037  -13.579   39.103
382   -0.270  103.886 -177.233 -133.995  -12.436   36.720
383   -5.927   91.423 -167.622 -149.030  -27.135   43.479
384    1.653   84.809 -157.669  169.503  -14.582   48.580
385   21.497   97.834  169.031 -132.315  -30.639   56.621
386   -9.559  107.171 -170.350 -144.110  -10.686   28.708
387  -10.015   99.937  179.815 -140.758  -32.783   60.097
388   -1.594   85.202 -164.700 -156.691  -22.504   71.616
389   -2.644  109.876  178.133 -143.836  -35.949   46.421
390    4.622  109.044  176.006 -132.595  -35.454   44.745
391   -6.334   97.473 -167.255 -167.856  -25.892   42.305
392   18.723  114.212  175.900 -147.582  -28.823   48.731
393   -5.830  128.252 -176.944  156.250   -5.097   58.928
394   31.114   99.859 -164.274  160.411  -23.860   47.612
395   15.811  109.529 -156.616  158.455  -21.072   49.992
396   -1.757   90.994  179.665 -144.390  -30.206   46.627
397   11.078  128.081 -162.477  159.990  -29.693   53.880
398   12.723  112.037 -161.285 -155.432  -17.345   46.403
399   27.826  104.989  179.233 -163.645  -36.270   48.357
400  -15.764   92.399 -173.784  174.416  -29.924   87.864
401    5.477  118.019 -161.147  158.586  -12.985   50.254
402   -4.443   91.242 -158.275  157.701   -5.809   47.368
403   -1.270  113.244 -173.064  140.514  -12.564   24.838
404    2.245  108.882 -171.267  170.977    2.546   37.908
405    4.272  123.823 -168.590  178.040   -3.492   45.620
406   14.372  111.019 -157.322 -152.353  -17.165   67.653
407    1.354  101.687 -165.892 -166.736  -30.744   38.070
408   -1.695   91.974 -169.742 -161.589  -27.164   81.264
409   -9.408   98.313 -173.668 -151.407  -40.022   71.908
410    2.607   97.166 -169.641 -161.596  -21.004   38.924
411   -8.883   88.113 -139.154  162.345  -14.613   58.876
412   16.833  100.701 -178.115 -155.189  -15.343   40.627
413  -16.154  103.352 -160.121  170.401  -26.825   42.235
414   29.052  122.225  178.342 -149.145  -38.871   45.849
415   44.662   88.734 -169.005 -147.229  -41.609   81.473
416   28.266  113.815 -175.141 -145.841  -22.980   55.331
417  -10.169  120.970  166.928 -164.230    4.751   55.951
418    2.570   97.052 -173.528  157.532  -20.173   49.746
419    8.381  108.357  176.682 -168.787  -37.179   33.801
420    7.056  102.632 -176.844 -149.937  -12.687   33.751
421   -7.364   91.649 -174.686 -167.216   -0.075   65.467
422   14.197  105.822 -162.533 -158.208  -40.793   43.706
423   41.720   88.206 -159.559 -173.343  -18.996   57.393
424   -6.166   96.404 -176.187 -154.277  -24.709   46.047
425    2.508  138.444 -156.213  138.377  -19.378   94.597
426    4.025  106.240  176.264 -150.549  -43.524   60.204
427  -16.471  112.740 -161.129  179.697  -13.583   48.587
428   17.108   89.676 -174.938 -168.080  -22.125   56.593
429   -6.435   98.247 -175.632 -144.301  -27.213   54.118
430  -22.467  102.616 -159.576  177.975   -7.395   54.524
431   11.473  111.471 -160.633  152.524  -14.136   46.034
432   29.042   96.013  173.942 -152.961  -42.128   34.696
433  -22.343  106.087 -161.031  168.546   -8.611   40.059
434  -12.581  102.717 -174.515 -135.638  -37.214   41.795
435    4.296   97.240 -175.017 -179.508  -25.786   53.859
436    3.180  103.433 -179.546 -162.944  -26.180   49.004
437  -11.499  101.103  175.996 -162.524  -32.780   43.564
438   22.080  106.414 -145.006  151.699  -16.395   46.567
439   18.523  130.941 -162.124  175.968  -36.027   64.662
440   -4.734  112.485 -170.740 -167.518  -33.201   62.164
441  -15.074  100.787 -135.769  165.698  -41.359   49.672
442   12.514  104.856 -147.575 -175.554  -49.816   61.570
443    8.249  102.655 -175.831 -153.083  -23.034   42.075
444   -2.298   97.151 -173.277 -169.367  -25.691   42.132
445  -14.344   85.705  176.078 -160.211  -15.723   69.267
446    1.106  109.761 -175.441 -172.130  -41.563   57.179
447    2.736   85.824 -175.448 -167.549  -33.091   53.155
448    4.589  114.906 -175.671 -159.577  -24.978   31.195
449   12.321   84.411 -168.607 -166.994   -4.553   42.320
450  -27.774  104.105  159.390 -149.199  -15.169   37.848
451    1.870  109.324 -145.478 -163.439  -30.912   48.194
452  -12.847  109.443  178.286 -151.677  -18.111   66.997
453  -19.189  113.960 -160.951  170.407  -14.744   50.731
454  -14.108  102.032 -173.011  170.982  -21.407   31.065
455   -0.553   89.309 -162.996 -162.420  -28.755   40.679
456   13.951   90.980  174.470 -150.322  -25.756   46.904
457   -1.339  113.378 -170.901 -149.997  -28.765   62.249
458   -0.446  111.899  179.439 -125.317  -40.311   81.775
459   10.140  114.002 -151.834  166.701  -26.525   61.863
460    5.934   91.210 -179.080 -172.286  -27.377   42.331
461  -43.732  107.394 -162.084  161.743  -18.565   46.993
462  -20.852  100.749 -165.727  176.803  -18.141   45.098
463   -8.799  103.961 -171.505 -174.400  -16.889   47.568
464   -1.876   92.473 -146.930 -165.264  -12.499   54.107
465   34.133  104.882 -150.463  175.075  -14.264   44.609
466    6.524  113.228 -143.988  170.932  -20.522   56.743
467   -2.718  102.638 -170.498 -174.901  -39.673   44.595
468   -5.104  107.269 -172.162 -152.558  -17.509   67.431
469  -13.382  102.179 -171.922 -171.619  -26.716   60.062
470   13.020   98.604 -170.614 -161.277  -37.392   53.244
471   14.847   96.245 -170.952 -153.910  -31.271   47.293
472    2.565  109.110 -143.055  152.610  -29.151   48.785
473  -37.478  109.557 -178.461 -177.832  -26.666   48.662
474    3.401   88.247  177.823 -154.629  -38.446   63.104
475    5.068  103.544 -173.107  177.180  -24.515   47.916
476  -14.550  126.422 -136.346  145.326  -30.276   75.083
477    0.903  108.849  179.423  179.829  -23.906   48.754
478   -3.961   92.777 -147.246  178.191  -20.537   47.881
479  -19.915   81.113 -177.668 -147.254  -42.327   50.745
480   14.545  107.071 -167.217 -175.234  -22.162   72.384
481    0.860  112.872 -168.911  173.726  -34.570   42.941
482  -11.522   96.737 -170.279 -174.979  -21.008   53.625
483   29.628  105.140 -175.423 -178.071  -19.592   36.464
484   35.361  107.011 -162.167 -171.211  -24.837   46.880
485    4.082  106.061 -176.516 -141.635  -36.801   46.280
486   14.023   91.289 -167.633  177.596   -9.577   61.057
487  -36.185  136.269 -169.578  168.574   -4.576   34.744
488   27.276  107.080  172.182 -150.594  -28.639   46.276
489    7.987  105.887 -177.052 -151.971  -13.261   53.215
490  -13.423   96.962 -169.365 -150.310  -21.699   44.201
491   -1.119  121.966 -173.595  176.102  -24.309   46.526
492    8.244  100.165 -165.291  164.736  -19.362   53.203
493   25.890  100.706 -156.524  158.700  -16.340   53.959
494    8.331   90.720  176.531  174.359  -25.698   51.046
495    8.103   93.233 -178.977 -170.828  -24.386   46.614
496   -9.275  107.925  172.946  165.121  -21.300   44.204
497  -10.145  103.755  179.345  176.786  -21.708   50.755
498   -1.176   81.824 -171.891 -151.087  -28.380   50.878
499    4.864  108.345 -154.694  163.685  -24.500   43.073
500   -9.291  117.618 -160.618  176.333  -27.228   43.081
501   17.022  122.659 -173.363  177.186  -31.952   49.109
502   15.968  111.859  178.276 -143.843  -47.659   69.956
503  -10.371  111.620 -172.991 -153.799  -28.823   34.744
504    7.122   99.135 -170.796  170.108  -10.716   45.689
505  -20.145   99.334 -146.515  157.461  -29.349   40.299
506   14.650  120.680  163.433 -144.848  -31.388   34.390
507    6.261  112.652 -171.248 -146.959  -12.905   41.332
508   -2.825  127.233 -153.035 -165.889  -13.414   65.308
509  -25.052   97.648 -162.587 -164.500  -27.572   55.918
510    3.275   97.106  174.533 -151.081  -17.811   59.691
511    0.796   95.432 -151.218 -177.292  -28.215   43.314
512  -28.288   95.950 -179.774 -150.224  -40.797   45.325
513   27.004   94.045 -170.259 -151.733  -19.796   40.651
514   18.055  113.085  164.562 -155.247   -7.592   63.031
515  -31.889  104.979 -165.683 -167.387  -15.932   45.490
516    3.925   98.395 -151.379 -179.945  -17.495   67.268
517    1.698  102.963 -162.733 -162.250  -11.882   57.418
518    1.529  124.720 -172.583 -137.162  -35.583   50.427
519   10.056   91.838  175.183 -164.896  -18.858   60.075
520   -5.788   91.278 -171.111 -148.647  -23.417   54.314
521   -1.494  115.369 -165.156 -142.294  -17.498   52.308
522   -2.222   91.734 -177.326  173.084  -30.962   46.604
523   10.221   94.098  175.457  169.496   -6.604   63.328
524   39.000  105.774 -174.381 -175.961   -4.773   74.106
525    4.495  109.479 -174.994 -158.069  -30.020   68.773
526   -2.464   92.320 -165.347  139.029  -30.351   59.267
527  -21.395   90.416 -151.809  172.782  -32.734   63.594
528   -6.340  121.629 -165.097 -172.940  -32.635   53.508
529   35.034   93.619  177.852 -154.910   -9.758   54.242
530   -5.879  118.775  168.964 -145.695  -25.623   48.406
531   -5.244  111.749 -172.563  177.367  -17.079   48.729
532   -4.130  104.707 -169.993 -168.460  -25.850   72.733
533    4.101  101.435 -165.540 -146.008  -17.869   59.549
534   41.712   98.783 -167.494 -166.915  -17.933   52.594
535   10.111  100.670 -157.867  155.791   -6.208   35.853
536   -0.864   94.443 -162.419 -158.273  -19.155   44.905
537   13.621   88.290 -147.050 -179.444  -10.908   60.109
538  -18.376  107.509 -152.744  174.926  -24.682   59.010
539  -26.314   97.162 -166.513 -171.699  -25.022   44.228
540   11.489  105.258  176.837 -154.880  -22.457   47.560
541   29.235   90.156 -178.135 -150.540  -44.229   44.354
542   29.640   97.149 -168.071 -158.269  -14.815   20.707
543   -4.776  110.240  173.276 -167.257  -29.421   27.783
544    3.305   88.430 -158.594  167.070  -41.870   45.031
545  -22.034  102.726  171.997 -160.859  -20.501   31.110
546   25.606   93.987 -165.328  172.016  -32.982   63.388
547    9.482  104.039 -174.255 -141.318  -31.978   59.081
548    2.547   98.070  177.876 -143.329  -25.639   32.383
549   -2.667   92.847  171.826 -159.050  -23.264   52.005
550   -6.236   88.447 -165.152 -170.152  -33.089   56.904
551  -25.651   98.856 -165.157  160.955  -26.591   65.047
552   11.549  115.767  177.195 -147.923  -34.281   60.862
553   11.158  105.770 -166.758 -169.496  -15.510   73.924
554   -2.631  100.659  178.126 -145.990  -27.732   45.279
555  -15.812  100.559 -164.985  176.927  -26.707   52.998
556   -2.615  113.406 -163.075  149.595  -15.151   43.214
557  -10.852   89.199 -161.489 -172.616  -33.615   42.750
558  -10.610  103.635 -174.671 -178.591  -17.835   77.855
559    2.684  104.728 -179.084 -156.977  -20.876   46.064
560    8.612  119.269 -172.569 -155.421  -34.259   60.791
561  -19.270   94.724  171.769 -137.153  -24.469   60.532
562  -14.102   96.021 -170.496 -151.431  -14.745   36.432
563   15.014   91.396 -142.321 -169.739  -17.202   93.642
564  -13.021   97.258 -159.316 -160.760  -14.557   49.918
565   10.174   97.165 -159.265 -174.023  -18.302   53.818
566   20.600   80.179 -150.678  163.305  -31.424   37.557
567    5.816   83.451  175.843 -152.249  -41.131   38.631
568   22.430   95.955 -174.288 -143.685  -30.768   42.426
569    9.613   99.468  172.927 -157.421  -26.621   64.643
570   14.715  105.809 -176.043 -146.396  -17.316   38.612
571   13.293   90.215  171.334 -147.567   -8.768   41.769
572  -26.165  112.141 -179.199 -169.039   -6.356   26.611
573  -28.738   87.505 -170.500 -140.074   -9.233   48.338
574    6.872  104.451 -163.106 -175.929  -26.783   46.901
575    6.223  115.882 -172.098 -166.539  -39.059   44.781
576   11.973  108.092 -160.767  170.847  -20.071   35.575
577  -14.316  110.928  172.718 -148.873   -6.566   21.556
578    9.475  106.912 -167.824 -166.217  -21.109   52.637
579   12.673  104.619 -171.853 -167.572  -29.853   52.981
580  -11.922  112.383 -144.740  167.819  -26.148   38.455
581    1.727   99.810  172.957 -155.895  -15.107   45.994
582   11.169  105.385  175.741 -165.410  -14.390   67.886
583   23.153   75.624 -168.544 -152.603  -36.307   73.771
584   -0.621  112.823  175.509 -140.696  -24.559   73.493
585    1.444   98.087  179.778 -162.435  -12.033   58.806
586   35.295  108.437 -167.407 -154.011  -33.697   69.489
587   -7.630  106.018 -168.738 -155.018  -23.131   60.417
588   16.885   94.451 -169.029 -164.379  -33.495   52.100
589  -17.575  128.382 -176.970 -166.123  -36.180   60.596
590   13.305   93.601 -164.593  154.522  -55.833   71.799
591   23.571   96.453 -176.326 -167.387  -26.421   59.409
592   -4.853   78.471 -175.426 -157.312  -34.923   58.238
593   34.283  101.960 -178.493 -157.508  -33.417   28.398
594   24.760   82.869  179.701 -156.220  -20.237   45.775
595   -8.143  107.006  177.702 -148.642  -16.025   39.679
596    0.737  128.127 -170.804 -179.344  -14.508   62.260
597  -17.737   82.913 -171.849 -168.763  -30.011   22.144
598    9.891  103.945 -157.569 -151.304  -34.340   39.344
599    3.642  100.539 -164.292  175.191  -39.555   41.649
600   -1.510  143.648  178.233 -173.220  -39.796   44.202
601    7.681   85.709 -153.045  167.206  -22.812   35.750
602   11.211   92.107 -179.546 -161.138  -29.744   50.620
603   16.330   91.920 -160.825 -171.348  -34.146   50.264
604   14.205   84.851 -171.439 -169.105  -32.593   56.825
605   -2.106   96.261 -176.092 -152.454  -21.806   47.566
606  -10.228  109.223 -171.630  170.986  -11.951   32.916
607   -1.642  115.706 -159.008  162.123  -28.492   64.769
608    9.506  135.320 -171.124  171.932  -22.181   57.268
609  -23.758  103.172  178.424 -163.293  -15.734   63.312
610  -10.277   96.574  170.026 -147.604  -26.815   51.645
611  -14.470  117.228 -175.160 -174.522  -24.097   60.328
612   -8.363  101.526 -161.987 -179.778  -20.649   76.870
613  -34.956   98.406 -169.151  177.953  -32.521   61.175
614    8.966  102.022 -162.246 -162.378  -12.853   52.902
615   19.459   92.775 -167.932 -174.710  -24.424   43.153
616   33.607   95.470 -179.683 -148.262  -20.293   53.092
617  -20.835  110.614 -168.234 -143.311  -45.619   54.925
618   19.317  103.907 -177.976 -156.660  -33.167   42.794
619    0.823   76.214  172.193 -145.748  -31.679   55.449
620   -3.608  124.491 -169.308  153.882  -10.537   59.171
621   20.642  108.284 -175.135 -171.655  -37.312   41.146
622   20.173  106.875 -179.676 -148.919  -25.476   33.742
623   -2.141  108.357 -165.348 -154.236  -32.313   44.661
624  -37.929   93.240  173.758 -138.289  -29.854   42.219
625   -1.059   82.284  174.265 -155.829  -13.164   51.888
626   14.157   98.747 -177.769  176.235  -15.813   40.566
627  -26.001   72.345 -161.562 -167.522  -20.039   49.004
628   21.564   99.815 -176.957 -153.443  -30.911   40.800
629   -4.943  113.174 -175.340 -159.393   -5.464   37.808
630    7.817  101.207 -159.795 -163.742  -35.063   35.649
631   -7.954   96.908 -163.987  168.955  -37.005   54.472
632   -1.797  131.167 -144.734  150.453  -26.421   59.636
633  -17.089   83.851 -177.254 -126.263  -41.113   55.176
634  -18.327  109.811  174.621 -145.325  -35.519   48.643
635  -21.947  112.710 -176.160 -158.422  -15.720   61.268
636   16.564  108.347 -165.779 -179.550  -17.938   50.515
637   22.249   96.646 -175.815 -171.573  -22.913   61.200
638   -8.251  119.725 -158.900  157.203  -16.218   73.158
639  -15.574  108.465  176.379  179.078  -30.067   52.988
640   -8.385  113.273  167.070  173.420  -19.856   50.409
641   31.837   95.141  170.261 -156.728  -30.320   60.942
642    9.142  105.732 -141.140  150.898  -32.945   57.957
643  -10.653  121.190 -171.584  161.753  -24.062   49.110
644    8.249  108.827 -176.685  153.802  -18.057   70.064
645    5.875  100.822 -170.717 -152.863  -17.889   41.818
646   16.836  126.062 -150.699  143.488  -37.467   57.369
647   -3.550   97.788  175.274 -173.717  -18.882   57.460
648  -17.923  113.705 -155.824  157.621  -36.306   45.860
649   11.617  102.720  178.417 -151.743  -34.535   47.804
650   40.040   97.968 -158.481 -179.753  -18.123   68.677
651  -25.492  105.590 -135.004  136.849  -13.253   60.651
652   23.861  112.403 -140.081  175.549   -7.470   60.085
653   33.755  101.077 -163.371 -150.650  -13.637   63.753
654    3.875   80.803 -161.258 -159.667   -8.876   52.922
655    4.108  104.958 -151.944 -173.174  -32.340   52.351
656  -45.446   87.381 -169.366 -163.896   -8.438   66.709
657   14.210  100.150 -168.561 -168.940  -16.718   53.838
658   11.470  103.987 -179.552 -146.587  -20.374   42.379
659    1.094  103.870 -159.045 -172.572  -16.156   55.737
660   27.579  106.252 -153.550  178.391  -28.463   62.242
661   15.127  103.899 -168.232  146.105  -10.512   50.928
662  -13.530  113.064  178.746 -175.532  -22.773   57.777
663    5.492   93.148 -171.049  165.221  -18.711   56.078
664  -17.102  133.149  177.315  143.656   -7.790   62.866
665  -17.657  103.269 -171.611  177.797  -14.344   51.945
666   25.766  105.595 -173.863 -161.318  -30.670   54.152
667   -2.263   94.896 -165.553 -179.996  -20.035   44.897
668   17.936   84.921  177.652  154.269  -10.015   38.467
669    0.728  109.423 -166.111 -166.741  -39.235   61.713
670    4.722   98.880 -162.171  176.320  -31.516   43.941
671   10.075  119.409 -141.329  172.335  -27.276   63.140
672   21.715   97.824  175.493 -177.689  -22.198   42.294
673   11.331  106.299  176.581 -167.897  -13.605   57.117
674  -14.023  103.320 -156.098  167.434  -29.519   67.436
675   -2.135  104.344  177.742 -171.810  -18.999   48.406
676   -2.158  120.878 -165.534  162.115  -32.262   58.247
677   27.356   90.438 -176.790 -156.159  -38.539   47.371
678    2.588   95.078  179.744 -155.405  -32.635   43.883
679    2.290   90.831 -179.819 -139.716  -26.453   46.969
680   11.665   88.694 -176.442 -132.239  -28.727   44.923
681   -5.229  115.817 -155.503  161.965  -28.337   39.017
682   22.747  112.787 -178.748 -143.146  -18.588   53.638
683   15.025   98.757  173.591 -150.195  -27.186   50.687
684    5.199  112.990 -162.683  164.232  -18.004   22.115
685  -16.978  104.717  169.953 -130.591  -24.480   55.373
686  -13.528  108.032 -155.754 -168.021  -35.526   40.626
687    0.973  111.728 -160.018 -160.853  -26.910   41.113
688   -8.771  114.658 -158.076 -175.852  -10.375   53.378
689   13.167  111.922  177.013 -145.609  -19.892   78.249
690    9.511  108.576  176.970 -155.077  -34.871   60.722
691   11.034   90.282 -175.356 -175.896  -28.382   30.811
692    1.977  103.477 -167.465 -172.319  -34.110   59.200
693    4.605   85.218 -175.528 -162.719  -30.715   39.119
694  -17.637  104.401 -156.628  170.692   -9.254   53.967
695   -5.507   96.919 -173.914 -165.327  -16.456   67.905
696    0.029   89.868  178.787 -143.282  -30.933   46.759
697   13.274  109.928 -166.520  176.278  -20.278   52.990
698   -3.503  121.852  179.079 -158.878  -27.470   52.551
699   10.230   83.843  179.419 -149.086  -37.404   45.171
700   33.474   92.178 -178.962 -154.947  -21.863   59.467
701  -21.280   92.901 -159.313  152.555    1.664   49.817
702  -11.888   86.571  175.001 -145.175  -23.062   33.449
703  -10.518  130.156 -170.193  177.205  -25.858   44.124
704  -24.027   87.155  170.414 -169.886  -45.568   42.261
705   11.308   90.147  175.207 -146.467  -28.690   67.860
706   22.774  111.029 -167.353 -172.522  -25.509   66.627
707   -4.628  105.131  174.706 -171.447  -25.090   20.212
708   26.658   93.915 -171.388 -166.410  -21.348   49.460
709    1.709  123.792 -158.303  171.492  -13.481   36.112
710   -0.257  107.052  177.228 -164.847  -26.882   35.486
711   -7.536  110.404  174.320 -156.762  -26.386   43.647
712   -5.448   90.960 -173.975  173.313   -9.698   59.840
713  -15.963   95.749 -171.462 -142.697  -24.139   41.066
714   14.721  114.805 -139.652  157.857  -32.105  111.345
715   -8.566  125.731 -160.622 -160.270  -25.250   56.981
716   -2.660  116.272 -150.371  152.255  -35.808   54.140
717   -8.126  104.192 -137.371  173.631  -23.239   41.444
718    3.110  106.543 -149.252  172.264  -29.088   57.037
719    1.936  109.324  176.098 -175.510  -18.146   57.358
720   15.124   71.176 -177.071  177.877   -0.204   59.151
721    1.772   98.073 -164.403 -156.305  -32.928   54.884
722   10.853   96.166 -167.812  176.868  -18.544   55.094
723   21.020  101.845 -166.852 -154.512  -29.001   56.090
724  -13.967  107.269 -168.603 -178.658  -15.047   50.855
725    5.928  105.820 -177.397 -174.014   -5.773  102.987
726  -13.888  107.203 -166.177  161.319  -15.620   37.869
727  -19.426   92.284 -158.127 -178.153  -39.850   43.418
728    3.048   94.393 -176.930  158.920   -2.137   62.137
729  -20.606   90.071  179.031 -172.495  -16.250   38.575
730    2.971  116.097 -150.386  143.687  -18.831   35.533
731  -15.036   96.102 -163.544  169.891  -18.186   51.717
732    0.055  109.533  178.655 -160.901  -32.951   61.262
733   17.327  106.736  178.399 -156.568  -35.553   49.225
734   13.212  120.149 -173.322  175.531  -40.444   60.364
735  -10.195  121.880 -157.831  142.784  -18.987   54.188
736  -18.258   99.290 -171.069  175.639  -13.402   55.503
737   -7.555  104.913 -160.391  148.749  -27.627   42.269
738    7.721  104.176  179.097 -146.667  -20.496   48.683
739   21.999  113.864 -164.393  165.473  -22.912   34.930
740    5.480  139.192 -160.644 -179.754  -24.648   68.181
741   24.100   87.666 -160.641 -159.349  -36.488   43.312
742   16.086  107.345 -173.718 -169.880  -18.260   34.346
743  -23.788  107.402 -116.771  145.018  -15.265   44.702
744   -4.945   99.550 -159.999 -152.129  -26.527   53.909
745    9.112   98.836 -162.360  159.520  -22.635   52.956
746   -4.300  115.146 -172.187 -162.966  -30.360   54.968
747   30.611  105.293 -178.741 -143.761  -23.113   45.902
748  -16.036   90.954 -166.227 -158.958  -15.046   55.532
749   -9.180   99.749  175.887 -161.629  -34.382   61.843
750   -9.713   88.231 -175.651 -152.043  -21.084   56.775
751    5.248   74.564 -150.916  157.813  -28.039   67.804
752    3.757   97.994 -169.092 -141.206  -25.626   90.461
753  -20.511  103.588 -168.949  173.775  -30.412   35.960
754   -3.035  108.361 -163.342 -175.195   -4.562   62.626
755   13.570   88.490  176.736 -164.742  -26.908   34.169
756    8.297  117.113  175.439 -149.400  -18.752   40.390
757   10.038   99.152 -147.217  161.124  -20.659   48.351
758   -2.929  102.114 -152.781  177.592  -26.118   47.845
759   32.154  115.053  177.157 -165.504   -6.762   45.841
760   25.053  109.235  177.777 -141.814  -13.439   45.493
761   -7.373   81.723  179.383  169.192  -18.128   51.847
762   -9.633  115.362 -153.538  143.766  -15.860   47.089
763    8.471  114.716 -176.708  177.080  -24.831   63.645
764    5.699  134.875 -179.290  157.117  -20.576   67.645
765   38.652  130.332 -157.872  169.847  -28.569   39.512
766   11.529  114.271 -175.720 -157.006  -36.902   42.213
767    7.252   77.358 -161.619  167.863  -21.630   40.869
768   -2.872   92.356  169.409 -144.033  -36.601   26.469
769  -34.650   91.335 -148.893  152.610  -38.100   43.413
770  -17.591  104.351 -159.972  144.834  -29.369   55.618
771   15.238   92.090 -177.447 -168.512  -34.841   50.828
772  -11.953   91.981  171.589  169.379  -21.618   69.837
773  -47.614   94.331 -161.834  176.712  -26.297   50.412
774   28.160  105.146 -164.924 -177.525  -24.681   44.335
775  -11.795  102.418 -163.145  155.601  -31.919   44.123
776    3.541  110.960  174.213 -150.992  -23.474   31.827
777  -11.153   90.706 -175.699 -178.860  -33.718   55.514
778   10.467  103.096 -168.363  170.731  -13.468   34.556
779    1.555  103.668 -172.817 -173.602  -21.248   62.983
780   28.261  100.433 -168.548  167.504  -29.460   59.049
781  -10.275  109.838 -177.594 -163.482  -26.696   53.583
782   25.367   98.936 -170.095  154.073  -10.453   32.907
783   14.441  109.112 -165.564  157.889  -41.293   56.454
784   18.241  104.833 -178.544  161.290  -26.226   43.838
785   13.967  113.899 -178.256  174.286  -27.552   46.682
786  -24.633   87.100 -173.985  178.230  -22.894   44.717
787   -3.621  104.691 -154.913  147.752  -18.423   48.392
788  -13.417  108.834 -178.252 -175.684  -31.495   46.977
789    9.570  106.507  166.406 -173.805  -36.463   37.072
790   15.329  108.597 -179.745 -176.020    0.135   53.985
791  -11.427  116.023 -161.989 -178.566  -27.976   71.050
792   -2.424  118.768 -167.442 -169.016  -25.722   40.889
793  -17.202  121.451 -165.003  163.699   -7.320   45.175
794   18.887  112.913 -165.766  157.674   -1.077   48.365
795   -4.660  118.718 -160.449  147.348  -27.364   59.344
796    9.146  119.942 -166.268  161.870  -18.281   40.194
797  -10.487  106.952 -170.547  167.522  -17.650  108.263
798   12.583  110.607  169.074 -157.068  -22.739   44.022
799   -7.779  125.207 -160.822  149.949  -36.939   48.220
800  -19.484  106.436  169.949 -170.115  -14.109   58.044
801   27.971  112.830  166.648 -159.057  -35.824   53.308
802   -5.406  114.941 -172.501  172.454  -17.651   40.690
803   14.288  118.356  173.514 -177.592  -25.445   58.636
804   36.460  118.327 -160.697  141.529  -15.964   62.426
805    0.397  109.956 -167.279  176.506  -24.579   56.463
806  -21.191   94.101  169.339 -141.094  -17.445   66.113
807  -18.235   90.952  172.328  175.015  -20.173   46.452
808   -8.747   92.069 -171.264 -150.772  -16.528   99.790
809   10.131   74.092 -167.762 -178.514   -9.009   55.351
810   28.624  110.798 -170.535 -179.448  -26.077   50.115
811   14.597  105.584 -162.122  160.707  -22.135   55.754
812   -4.726  105.151 -169.641 -140.185  -13.580   39.150
813   14.902  104.171 -168.983 -158.973  -26.670   48.013
814  -14.620  100.224  167.349 -163.163  -20.284   59.374
815   17.269   93.386 -176.333 -167.142  -28.517   60.723
816    1.313  111.398 -159.915 -158.117  -33.041   37.121
817  -17.585  102.433 -175.846 -159.470  -47.244   55.961
818   -3.566   99.101 -167.467 -176.231  -24.965   42.813
819    1.779  118.378 -175.655 -169.236  -11.279   58.906
820   26.102   96.797 -170.414 -146.554  -25.985   76.652
821   -8.583   94.904 -164.982 -163.221  -29.352   50.056
822   26.842  114.234 -167.986  169.519   -6.599   55.272
823   12.701  100.399  179.003 -169.244  -30.570   37.121
824  -19.966   89.771  178.149 -153.169  -27.752   50.806
825   11.597  110.299  173.171 -166.615   -8.185   56.503
826  -10.393  108.853 -153.333  157.019  -31.647   42.421
827   -5.185   92.477 -149.842 -178.676  -20.954   62.989
828   11.245   91.824 -179.781 -152.619   -9.921   62.631
829   -2.562   97.401 -178.334 -160.029  -15.811   71.789
830   -3.095  104.932  173.146 -155.371  -34.723   51.316
831  -33.539   93.443  172.825 -154.478  -13.160   58.736
832   24.183  109.983 -153.423  157.489   -1.763   57.491
833   15.048   96.715 -165.703 -162.135  -20.632   88.408
834   36.152  107.826  173.354 -147.761  -18.248   57.704
835   -4.261  118.446  171.528 -149.196  -30.370   43.799
836    7.012   94.995 -157.947  165.368  -15.339   60.026
837    2.046  104.521 -178.800 -168.256  -31.436   37.495
838  -24.944  116.743 -152.005  150.809  -23.569   71.864
839   20.998   83.478 -175.548  157.874   -9.207   82.419
840   14.291  121.235 -155.737  143.997  -21.075   67.257
841    2.332  111.222 -147.732  175.841  -23.998   62.354
842   -7.257   97.546 -168.504  173.264  -22.557   76.931
843   -7.187  109.020 -177.291  171.167  -21.105   71.046
844   16.796  114.649 -174.422 -161.383  -18.232   71.273
845   -2.254  108.552 -166.792 -156.412   -9.476   66.875
846   -3.031  119.788 -149.101  160.064  -17.115   62.973
847   -5.345  126.861 -147.084  155.349  -28.662   51.307
848   14.681  112.338 -175.032  178.567  -37.939   52.510
849   12.363  106.715  173.415 -153.793  -26.369   70.705
850  -10.676  103.195 -162.709 -174.729  -14.965   60.340
851   -9.175   98.380 -155.620 -177.504  -26.006   50.842
852   18.626   95.217 -170.921 -156.391  -12.802   51.828
853    2.643  106.923  166.058 -156.706  -12.650   52.262
854   15.378  104.629 -164.149 -169.573   -5.950   52.089
855   -7.077  106.310 -178.615 -161.675  -13.302   61.540
856   14.000   96.865 -179.076 -154.397  -25.557   46.106
857   -2.209   93.625  175.668 -158.469  -32.579   56.872
858   -7.837  108.129 -175.572 -156.053  -33.675   59.639
859    5.737   94.189  178.825 -175.614  -22.966   31.906
860   25.199   96.135 -144.760  140.478  -22.999   45.190
861   -9.378  126.921 -178.900 -164.912  -25.303   21.754
862    3.324   80.585 -168.901 -179.292  -30.886   45.982
863    6.211   87.525 -172.023 -165.333  -25.855   72.330
864  -19.196  107.334 -174.885 -169.191  -23.958   41.488
865   18.967  118.147 -170.488  160.058  -27.185   54.716
866   -2.972  113.614  167.788 -139.432  -28.339   51.151
867   -7.928  103.274 -170.205 -175.805  -18.551   65.912
868    4.086  116.785 -168.493  160.528  -18.656   63.786
869    8.026  108.308  173.772 -147.032  -35.586   46.858
870   -6.828   94.909 -177.266 -161.907  -29.405   50.316
871  -26.160  111.774 -153.356  164.177  -24.258   49.672
872   12.094   89.202 -172.858  179.955  -22.739   68.664
873    3.031   91.283 -159.753 -166.134  -10.358   54.840
874    6.127  108.783 -169.034  178.504  -23.665   59.625
875   32.698   99.869  166.842 -143.624  -26.254   46.925
876   22.226  105.568 -171.904 -166.540  -13.715   48.459
877   -1.301  123.320  169.767 -152.525  -21.650   38.424
878   -5.253   95.080 -168.491 -171.107  -22.335   56.434
879  -27.215  114.690 -153.221  155.285  -21.203   59.662
880   -4.294  111.573 -170.927 -153.195  -19.621   62.173
881  -23.276  117.531 -169.056 -162.621  -38.695   59.983
882   -7.950  108.574  169.855 -154.457  -24.186   57.900
883  -26.025  115.387 -177.648  158.800  -15.825   41.166
884    2.910  102.950 -174.392 -171.823   -2.321   48.234
885  -16.608   94.415 -176.842 -146.691  -24.126   46.861
886  -27.552   89.931 -178.951 -170.332  -13.604   46.911
887  -22.644  104.791 -176.822 -145.526  -16.988   70.177
888   25.540   81.338  174.739 -178.535  -19.980   64.618
889   16.217  108.304 -166.987  165.862  -21.473   44.430
890  -17.768  121.543  166.706 -146.297  -31.136   45.600
891   -0.473  110.473 -168.366 -167.126   -2.375   49.029
892  -19.710  107.583 -176.135 -174.353  -27.366   54.809
893  -14.935   75.776  176.338 -141.205  -16.801   62.810
894   -6.621  103.627 -154.169  147.310   -4.924   59.380
895  -20.255  110.565 -173.328  152.354   -6.313   76.929
896   15.524  107.149 -159.946 -176.175  -28.425   51.512
897  -20.505  116.632 -149.213  131.582  -12.813   63.422
898   -6.146  121.721 -174.561 -161.693  -17.191   62.127
899    8.443  107.102  166.369 -161.205  -35.238   38.550
900    3.338  112.352 -168.169  168.157  -22.156   64.797
901   -7.739   98.065 -167.179 -159.991  -27.990   50.403
902    2.296  101.380  178.363 -173.666  -24.737   55.116
903  -31.586   89.901 -167.032 -178.869  -24.945   51.220
904   11.997  112.745 -178.184 -152.990  -22.684   38.128
905  -14.843  111.350  176.952 -165.197  -23.729   47.188
906    4.017   99.979 -179.983 -136.614  -18.076   57.738
907   23.115  107.451  170.160 -154.922  -15.905   43.485
908   -6.666   99.437 -171.971  179.673  -21.541   54.873
909    7.792  103.993 -157.393 -144.285  -23.296   42.893
910   14.223  103.051 -163.685 -172.249  -43.971   44.578
911  -22.738   93.757  171.813 -150.138  -42.515   37.071
912  -15.680  100.169 -171.026 -179.694  -22.638   56.210
913   -1.400  105.907 -162.663  162.002  -23.185   42.801
914    4.089  103.656 -170.068 -176.373  -19.269   58.332
915   27.334   92.319 -152.971 -172.788  -17.904   50.360
916   14.757  102.014 -171.117  152.536  -35.158   77.486
917   16.201  115.969 -165.841  173.592  -17.642   45.281
918   -1.909  104.406 -174.684 -156.488   -6.639   55.760
919    0.177  102.163 -160.843 -164.938  -31.368   65.034
920    2.418  103.492 -161.965  172.816  -23.667   45.551
921    5.879  110.890  176.220 -141.868  -15.441   74.507
922   -5.071  104.554  170.179 -132.579  -29.635   72.186
923   -8.148  114.115  174.890 -157.467  -19.671   53.240
924   11.094   87.244 -170.224 -154.276  -27.342   51.026
925   35.793   93.477 -169.032 -162.112  -30.768   64.651
926   -7.521  106.771 -170.304 -171.855  -35.597   63.409
927   28.615   97.829 -161.015 -171.576  -31.105   74.653
928    7.236  103.432 -172.287 -172.147   -5.822   55.434
929   -2.164  100.255 -177.226 -159.423  -55.756   41.688
930    0.370  105.645 -175.773 -168.043  -36.719   37.326
931   -7.360  100.056 -171.166 -174.048  -23.103   47.447
932   -0.822   90.065  168.419 -150.786    4.899   87.341
933   -4.833   79.664 -155.147 -173.747  -21.264   51.182
934   21.950  103.621 -173.083 -144.106  -33.351   45.379
935    2.766   98.158 -166.536 -176.360   -9.366   57.953
936   -4.526  107.158  169.407 -162.631  -22.938   88.674
937    8.671   92.775 -173.087 -153.718  -17.597   62.007
938  -10.360  104.540  173.344 -142.234  -31.885   48.139
939   11.436  100.802 -173.639 -151.316  -15.084   80.947
940  -20.374   97.689 -167.248 -162.087  -21.983   52.493
941   17.959  114.120 -175.991 -159.809  -27.409   45.402
942    8.194  106.985 -166.493 -179.883  -27.764   47.288
943   -1.636  109.852 -156.122  174.244  -18.287   58.086
944    2.700  105.727 -178.850 -144.998  -23.105   40.581
945   -2.853  109.263  156.578 -147.998  -22.677   76.377
946   -7.192  137.120  174.784  175.327  -21.826   41.897
947    3.972   97.280  162.869 -157.569  -34.864   53.251
948  -10.933  122.703 -159.208 -179.002  -44.400   31.861
949    1.143  119.274  178.099 -163.845   -7.257   69.323
950   44.107  117.646 -175.035 -161.338  -25.830   42.398
951   17.340   97.941  169.598 -145.520  -16.803   49.583
952   -1.819  120.152  178.271 -169.479  -16.794   49.937
953   -4.368  123.788 -179.566 -152.240  -20.805   62.379
954    2.979  114.072 -178.389 -164.117  -33.516   52.017
955   25.422  113.491 -169.388 -159.210  -23.934   44.570
956   11.176  106.225  179.081 -137.862  -45.297   57.566
957   18.954  104.304 -166.059  179.445  -25.331   71.477
958   -6.520  110.278  178.560 -169.106  -17.198   62.838
959    5.975   92.206 -176.446 -163.837  -12.450   44.495
960    8.598  107.768  174.208 -149.767  -19.733   44.737
961   10.300  103.810 -162.704 -172.908  -28.057   47.755
962   11.313  100.571 -163.815 -158.953    4.589   54.718
963    7.501  100.334 -179.340 -156.270   -8.153   42.114
964   -0.130  118.443 -167.610 -177.855  -20.239   31.323
965  -15.459  121.939  174.266 -153.797  -20.017   27.248
966   18.194   92.189  168.949 -145.408  -15.900   93.223
967  -11.556  115.359 -158.891  173.658  -27.272   44.485
968   31.194  102.999  177.831 -151.232  -28.164   40.640
969   15.990  113.299  170.612 -160.443  -23.447   43.633
970   -2.726  102.980 -171.388 -159.535  -34.379   52.665
971   35.683  105.872 -174.220 -156.245  -34.138   59.403
972    3.296  121.588 -176.237 -160.216  -30.625   66.765
973   10.818   90.568 -177.534 -161.288  -26.225   34.280
974   19.085  107.315  175.814 -155.989  -24.718   38.266
975   -7.691  139.647  172.229 -159.472  -35.059   41.065
976    2.679  114.125 -171.368  177.806  -28.693   57.292
977   -6.156  127.814 -178.088 -169.788   -8.182   40.611
978   -8.447  114.481 -169.246 -159.787  -21.179   44.136
979    4.636  112.525  178.660 -145.069   -9.886   53.263
980   -5.474  113.037 -175.685 -162.515  -18.870   48.519
981   12.995  117.581  177.925 -150.346  -19.767   56.207
982   -5.334  106.113 -162.033 -167.388  -38.786   46.893
983   14.857  126.037 -118.840  151.529  -19.863   48.622
984  -11.535   98.634  179.439 -160.538  -35.356   44.653
985   16.151  126.025 -152.308  152.787  -21.913   43.889
986    0.346   96.518 -179.093 -150.106  -12.661   37.526
987  -19.485  115.295 -161.316 -177.701  -31.847   78.235
988    0.388  105.353 -171.384  171.230  -55.712   44.151
989   -1.116  115.953  170.239 -158.677  -33.594   52.694
990   -8.415  131.721 -168.764  164.621  -33.600   28.699
991   23.407  103.833 -173.454 -144.533  -30.177   50.182
992    6.230  117.648 -173.595  178.757  -36.440   48.834
993    6.898  106.279 -162.410 -173.232  -36.513   52.184
994  -20.903  120.214 -176.112 -153.251  -26.638   52.640
995   36.542  122.201 -170.869 -173.198  -14.895   52.740
996   -2.304  105.031 -172.608 -159.375  -21.535   68.156
997    6.950   95.187 -168.924 -145.723  -46.761   44.497
998   26.244  106.028 -170.390 -145.926  -23.632   49.336
999    0.781  120.505 -128.391  156.540  -30.569   76.818
1000    8.064  114.055  178.382 -174.431  -26.536   61.662
