  Frame #         RMSD         rGyr      intraHB        MolSA         SASA          PSA
        0        0.000        4.973            0      377.429      117.107      145.525
        1        0.631        4.886            0      376.352      116.581      143.524
        2        0.416        5.001            0      376.653      108.246      148.053
        3        0.614        5.132            0      377.691       72.365      148.563
        4        0.435        5.018            0      381.185       94.905      150.225
        5        0.383        5.048            0      377.779       97.612      151.600
        6        0.314        5.004            0      376.576       99.918      140.475
        7        0.338        4.999            0      376.864       88.676      145.790
        8        0.301        5.005            0      375.194       84.188      146.381
        9        0.568        5.034            0      377.260       95.655      146.602
       10        0.302        5.037            0      378.289       81.026      145.107
       11        0.317        5.082            0      379.522      105.524      146.045
       12        0.476        5.065            0      381.966       89.755      148.357
       13        0.337        5.061            0      378.466       85.063      145.549
       14        0.305        5.045            0      379.454       80.829      147.374
       15        0.359        4.956            0      375.454       77.107      141.841
       16        0.735        5.112            0      379.555       93.843      148.849
       17        0.820        4.869            0      380.582      107.085      152.951
       18        0.225        4.990            0      376.143      107.347      146.624
       19        0.633        5.117            1      377.997      114.125      139.478
       20        0.293        5.020            0      377.124      108.324      150.097
       21        0.536        4.922            0      374.491      121.621      144.547
       22        0.355        5.025            0      378.014      118.575      149.911
       23        0.388        4.960            0      375.432      102.894      145.605
       24        0.397        4.983            0      378.355      118.080      147.194
       25        0.290        5.076            0      377.513      106.058      148.032
       26        0.273        5.027            0      377.642      123.060      149.306
       27        0.402        4.979            0      376.664      118.792      145.759
       28        0.568        5.022            0      378.722       82.818      151.651
       29        0.406        4.930            0      380.898       69.260      149.369
       30        0.498        5.051            0      381.700      100.237      150.001
       31        0.343        5.070            0      378.713       94.654      152.688
       32        0.335        5.048            0      377.004       78.122      146.469
       33        0.402        4.873            0      374.413       67.454      146.403
       34        0.370        5.040            0      378.707       90.938      147.234
       35        0.400        5.046            0      377.132       81.708      145.560
       36        0.448        4.989            0      376.308       95.356      143.565
       37        0.410        5.110            0      381.074       78.504      148.880
       38        0.453        5.028            0      379.044       87.052      147.960
       39        0.356        4.955            0      376.402       76.506      141.156
       40        0.401        5.036            0      376.407       81.781      144.477
       41        0.489        5.107            0      380.422       91.136      151.482
       42        0.247        4.990            0      376.479       79.677      146.331
       43        0.407        4.987            0      378.104       82.872      146.395
       44        0.676        4.899            0      378.345      119.128      151.310
       45        0.539        4.873            0      379.054       83.311      154.000
       46        0.363        4.901            0      376.403       93.139      146.351
       47        0.407        4.955            0      375.424       81.891      144.323
       48        0.502        5.080            0      376.888       92.046      143.550
       49        0.546        5.006            0      376.156      107.769      144.167
       50        0.528        5.139            0      377.691      108.548      148.243
       51        0.414        4.950            0      378.041       96.311      148.102
       52        0.469        5.003            0      375.619       75.570      144.465
       53        0.507        4.911            0      375.651      104.051      148.622
       54        0.717        4.871            0      375.552      118.096      147.192
       55        0.629        4.969            0      378.597       92.922      147.654
       56        0.583        4.937            0      380.531       87.153      149.168
       57        0.351        4.931            0      376.598       68.701      148.921
       58        0.350        5.089            0      376.593       88.397      148.134
       59        0.312        5.052            0      378.601      105.629      150.412
       60        0.393        4.905            0      374.715       85.781      140.463
       61        0.348        5.069            0      378.062       80.445      150.072
       62        0.324        5.107            0      378.770      113.935      146.729
       63        0.387        5.088            0      377.276       96.883      149.418
       64        0.466        4.940            0      377.198       87.438      146.002
       65        0.409        4.883            0      375.860       81.562      142.630
       66        0.469        4.970            0      374.286       93.389      142.480
       67        0.504        5.005            0      377.883       94.721      146.727
       68        0.307        5.010            0      377.417       67.265      143.361
       69        0.478        5.040            0      376.983       93.447      150.826
       70        0.437        5.026            0      375.150       92.153      145.142
       71        0.539        4.976            0      377.007      108.108      143.383
       72        0.272        4.926            0      379.240       94.022      150.704
       73        0.653        4.869            0      378.229       94.951      146.633
       74        0.555        4.999            0      377.865      102.970      148.617
       75        0.434        5.104            0      380.213       99.689      147.141
       76        0.398        5.024            0      377.453       98.129      147.590
       77        0.453        5.020            0      379.128       86.697      147.730
       78        0.474        5.079            0      377.060       91.913      149.745
       79        0.708        4.929            1      375.037       99.915      136.951
       80        0.472        4.916            0      375.544       79.702      145.934
       81        0.369        5.069            0      380.755       82.402      149.999
       82        0.369        5.001            0      380.118       92.748      147.388
       83        0.427        5.029            0      377.172       86.358      144.516
       84        0.480        4.984            0      377.930      102.493      144.167
       85        0.543        4.986            0      376.645       85.185      144.211
       86        0.404        5.027            0      378.353       80.653      148.362
       87        0.429        4.939            0      377.679       72.326      147.909
       88        0.409        5.066            0      378.301       86.158      149.377
       89        0.305        5.011            0      378.071       89.888      149.800
       90        0.370        5.003            0      376.169       97.909      143.406
       91        0.424        4.993            0      379.063       92.808      148.999
       92        0.558        4.987            0      376.680       97.689      144.957
       93        0.329        4.991            0      380.015      104.690      150.742
       94        0.405        4.976            0      377.939      111.040      145.335
       95        0.350        4.991            0      378.208      118.540      149.601
       96        0.468        4.963            0      376.350      123.657      145.070
       97        0.614        4.864            0      376.217      125.791      144.772
       98        0.481        5.028            0      374.836      130.256      146.970
       99        0.301        4.900            0      372.153      126.639      142.296
      100        0.554        5.026            0      380.843      126.782      143.487
      101        0.401        4.967            0      377.093      129.451      148.274
      102        0.536        4.962            0      375.158      126.866      146.332
      103        0.476        4.936            0      377.004      135.338      145.490
      104        0.463        4.955            0      376.836      107.555      140.595
      105        0.482        5.019            0      377.741      141.615      148.665
      106        0.467        4.964            0      375.679      118.838      149.558
      107        0.461        5.065            0      377.374      118.666      147.133
      108        0.476        4.945            0      377.777      116.090      147.332
      109        0.587        4.984            0      378.684      129.050      147.440
      110        0.308        4.963            0      377.301      116.816      150.199
      111        0.193        4.914            0      375.796      111.944      144.115
      112        0.420        5.010            0      378.312      116.799      146.909
      113        0.623        4.910            0      374.015      128.916      141.518
      114        0.507        5.000            0      378.562      112.163      146.222
      115        0.543        4.954            0      377.706      113.146      149.526
      116        0.579        4.979            0      382.167      105.199      153.800
      117        0.607        5.019            0      376.424      114.087      149.052
      118        0.434        5.084            0      378.341      121.402      143.918
      119        0.375        5.066            0      378.707      134.730      145.010
      120        0.600        4.950            0      376.327      140.719      145.941
      121        0.372        4.940            0      375.074      106.759      145.489
      122        0.574        4.978            0      377.077      124.841      149.347
      123        0.451        4.941            0      374.449      117.887      145.197
      124        0.354        5.051            0      378.178      107.334      151.447
      125        0.480        4.947            0      377.382       97.489      145.753
      126        0.504        5.095            0      377.478      105.552      145.874
      127        0.631        4.961            0      371.550      110.984      146.992
      128        0.417        4.928            0      380.313       99.400      149.073
      129        0.394        5.029            0      377.922      127.485      145.765
      130        0.479        5.059            0      377.519      128.172      142.229
      131        0.491        5.004            0      375.850      129.604      145.475
      132        0.493        5.120            0      379.892      134.261      147.096
      133        0.383        5.070            0      378.736      112.220      146.895
      134        0.627        5.032            0      374.404      130.199      149.415
      135        0.494        4.941            0      376.164      125.809      146.144
      136        0.562        4.972            0      377.023      131.220      147.568
      137        0.395        4.994            0      375.788      147.290      147.080
      138        0.515        4.968            0      377.800      119.721      148.815
      139        0.562        5.001            0      376.634      105.717      145.545
      140        0.783        5.075            0      381.868      141.582      150.497
      141        0.481        4.919            0      377.384      126.340      151.930
      142        0.589        4.920            0      375.355      113.720      145.871
      143        0.551        5.040            0      378.895      151.187      145.498
      144        0.854        4.871            0      379.512      161.264      149.717
      145        0.607        4.992            0      375.658      130.960      148.194
      146        0.597        5.023            0      379.601      134.706      144.950
      147        0.875        5.021            0      375.491      137.030      150.342
      148        0.969        4.985            0      376.664      144.562      148.036
      149        1.133        5.042            0      380.360      155.227      144.252
      150        0.795        4.870            0      377.939      161.793      146.523
      151        1.098        5.021            0      379.715      139.832      150.121
      152        0.637        4.969            0      373.207      155.201      141.133
      153        0.584        4.990            0      375.510      165.987      148.572
      154        1.254        5.040            0      376.919      169.087      148.874
      155        1.006        4.973            0      377.838      145.540      147.610
      156        1.198        5.027            0      376.154      161.004      143.564
      157        1.294        5.099            0      379.265      162.428      148.351
      158        1.207        5.060            0      377.565      144.059      142.172
      159        1.167        4.965            0      375.575      141.205      149.471
      160        1.196        5.030            0      377.539      153.238      149.676
      161        1.217        4.975            0      379.995      117.385      149.788
      162        1.244        4.923            0      377.977      135.538      148.032
      163        1.293        5.101            0      380.469      173.126      144.943
      164        1.167        4.962            0      377.282      167.881      148.004
      165        1.177        5.082            0      377.904      189.693      143.049
      166        1.105        4.939            0      379.465      171.885      152.768
      167        1.198        4.997            0      377.796      174.488      149.061
      168        1.066        5.022            0      377.401      163.146      144.241
      169        0.783        5.041            0      379.848      127.674      146.319
      170        0.683        5.047            0      376.653      140.668      148.259
      171        1.376        4.638            0      375.649      140.399      148.668
      172        1.355        4.771            0      378.130      127.941      148.310
      173        1.394        4.710            0      376.023      157.556      150.450
      174        1.376        4.682            0      377.347      149.503      147.165
      175        1.412        4.679            0      375.239      160.385      150.052
      176        1.277        4.690            0      373.569      148.009      147.720
      177        1.347        4.767            0      374.641      175.932      153.771
      178        1.313        4.760            0      374.760      171.133      146.347
      179        1.365        4.752            0      376.961      160.029      146.610
      180        1.451        4.668            0      375.105      172.392      150.618
      181        1.416        4.802            0      377.519      190.377      151.042
      182        1.455        4.677            0      374.874      189.559      152.285
      183        1.410        4.660            0      375.836      168.691      149.393
      184        1.419        4.649            0      378.065      149.716      144.484
      185        1.366        4.785            0      380.854      151.675      148.904
      186        1.377        4.790            0      378.308      159.444      145.572
      187        1.343        4.701            0      375.819      221.090      155.962
      188        1.516        4.772            0      373.801      232.924      147.633
      189        1.336        4.726            0      378.066      215.292      145.424
      190        1.413        4.695            0      376.312      218.606      150.593
      191        1.496        4.833            0      378.607      214.035      149.823
      192        1.700        4.903            0      380.820      214.073      148.970
      193        1.485        4.741            1      376.262      173.865      141.283
      194        1.691        4.754            0      381.027      186.565      148.498
      195        1.642        4.865            0      376.871      174.404      150.318
      196        1.353        4.831            0      378.952      181.959      151.692
      197        1.472        4.827            0      379.993      200.815      149.280
      198        1.359        4.730            0      378.887      174.739      150.885
      199        1.507        4.757            0      377.144      186.999      151.625
      200        1.426        4.742            0      375.969      182.657      156.819
      201        1.534        4.665            0      378.650      198.452      155.228
      202        1.404        4.783            0      377.434      174.431      150.355
      203        1.446        4.799            1      375.977      148.080      140.534
      204        1.278        4.722            0      374.471      126.483      148.434
      205        1.625        4.778            0      376.044      157.534      149.892
      206        1.438        5.065            0      377.723      163.906      152.966
      207        1.513        5.045            0      377.488      145.683      150.806
      208        1.311        4.977            0      376.590      137.989      146.553
      209        1.255        4.982            0      381.067      157.300      144.638
      210        1.234        4.950            0      377.982       99.384      142.325
      211        1.206        4.988            0      378.790      134.293      147.883
      212        1.270        5.059            0      381.633      126.871      149.824
      213        1.231        5.003            0      382.350      121.476      150.732
      214        1.222        4.919            0      378.530      130.180      147.683
      215        1.231        4.971            0      381.440      135.232      147.118
      216        1.239        4.880            0      379.616      113.118      147.828
      217        1.206        4.954            0      377.403      133.375      153.051
      218        1.264        4.776            0      374.978      168.331      145.796
      219        1.237        4.906            0      377.488      140.102      146.531
      220        1.255        5.005            0      378.259      136.447      152.190
      221        1.198        4.975            0      378.635      132.317      151.698
      222        1.275        4.802            0      374.617      143.289      147.626
      223        1.269        4.827            0      374.106      116.065      145.848
      224        1.266        4.808            0      378.191      121.073      145.223
      225        1.246        4.723            0      376.034      121.506      143.541
      226        1.359        4.741            0      376.195      127.408      149.852
      227        1.277        4.748            0      373.375      114.764      145.683
      228        0.512        4.952            0      377.689      121.801      142.936
      229        0.744        4.902            0      377.328      115.000      143.350
      230        0.683        4.968            0      376.095       99.508      145.448
      231        0.559        4.974            0      378.318      111.537      141.869
      232        0.425        5.011            0      377.606      118.274      144.215
      233        0.822        4.911            0      376.967      119.381      152.830
      234        0.531        5.041            0      379.491      114.989      146.511
      235        0.510        4.971            0      373.671      131.446      143.363
      236        0.491        5.000            0      378.253      145.402      145.307
      237        0.711        5.030            0      376.791      147.433      145.909
      238        0.593        4.922            0      372.376      144.043      144.586
      239        0.686        4.945            0      378.370      126.218      145.799
      240        0.689        5.131            0      375.241      129.822      147.070
      241        0.682        5.017            0      377.915      114.708      150.393
      242        0.501        5.025            0      377.289      132.153      151.276
      243        0.525        5.004            0      376.534      101.094      144.595
      244        0.530        5.013            0      380.382      133.527      150.030
      245        0.585        4.949            0      376.344      144.966      147.527
      246        0.284        5.027            0      376.355      133.194      143.873
      247        0.553        4.947            0      375.381      122.031      149.182
      248        0.432        5.009            0      378.441      105.003      150.506
      249        0.497        5.021            0      376.922      111.397      147.576
      250        0.571        4.976            0      373.553      131.235      146.659
      251        0.599        4.917            0      378.195      140.488      144.390
      252        0.511        5.097            0      377.531      131.566      147.240
      253        0.553        5.033            0      376.323      109.798      144.575
      254        0.853        4.896            0      375.097      130.785      143.966
      255        0.906        4.920            0      375.774      133.209      151.570
      256        0.894        4.949            0      376.539      169.853      151.624
      257        0.729        4.979            0      377.980      173.510      148.995
      258        0.774        4.806            0      375.496      180.966      151.038
      259        0.764        4.974            0      379.052      157.918      150.652
      260        0.582        5.045            0      378.263      180.229      152.143
      261        0.698        5.057            0      376.651      161.269      146.963
      262        0.798        4.975            0      380.682      138.648      149.704
      263        0.727        5.023            0      376.203      145.121      148.262
      264        0.567        5.120            0      377.631      135.035      148.270
      265        0.718        4.975            0      380.113      128.494      152.951
      266        0.813        5.049            0      379.577      150.742      148.134
      267        0.482        4.923            0      376.613      135.010      143.234
      268        0.660        5.028            0      378.197      121.870      147.615
      269        0.454        4.995            0      380.134      121.386      149.580
      270        0.525        4.948            0      377.452      118.340      147.810
      271        0.518        5.013            0      377.149      111.867      143.613
      272        0.518        5.009            0      379.874      132.848      142.285
      273        0.534        5.156            0      376.319      124.131      146.189
      274        0.667        4.996            0      377.107      117.470      147.856
      275        0.502        5.029            0      375.411      115.225      145.734
      276        0.452        4.955            0      377.308      126.922      147.553
      277        0.600        4.978            0      377.928      113.901      146.832
      278        0.675        4.916            0      375.863      116.194      144.031
      279        0.666        4.956            0      378.234      113.699      151.691
      280        0.614        5.065            0      376.589      119.601      140.354
      281        0.652        4.983            0      376.284      137.476      148.140
      282        0.792        4.838            0      376.347      155.182      144.867
      283        0.591        5.002            0      376.103      138.022      144.960
      284        0.559        4.993            0      379.205      169.004      147.438
      285        0.551        4.917            0      376.509      125.826      150.709
      286        0.735        4.963            0      377.959      142.642      148.285
      287        0.711        4.943            0      376.339      177.473      145.276
      288        0.723        4.871            0      379.720      174.564      146.125
      289        1.001        4.875            0      380.062      171.823      150.849
      290        0.787        4.937            0      377.921      178.534      141.307
      291        0.633        4.999            1      376.918      144.976      142.497
      292        0.568        4.993            0      378.135      172.423      145.380
      293        0.533        5.012            0      380.079      157.940      150.077
      294        0.563        4.909            0      375.365      166.692      149.082
      295        0.423        5.016            0      375.672      169.377      146.857
      296        0.592        4.955            0      376.019      181.408      148.543
      297        0.637        4.939            0      378.265      164.308      143.738
      298        0.591        4.997            0      378.834      158.030      140.834
      299        0.539        4.947            0      378.189      169.766      151.008
      300        0.634        4.884            0      374.848      155.088      146.190
      301        0.536        4.930            0      378.429      177.294      152.046
      302        1.279        4.700            0      377.252      127.789      151.060
      303        1.226        4.813            0      377.674      170.900      146.520
      304        1.253        4.831            0      379.018      156.718      152.697
      305        1.261        4.710            0      375.247      175.711      144.473
      306        1.320        4.607            0      373.771      148.281      152.250
      307        1.199        4.824            0      381.298      119.085      150.673
      308        1.256        4.779            0      376.362      161.400      150.295
      309        1.289        4.781            0      373.589      140.676      149.829
      310        1.352        4.660            0      374.949      168.523      150.169
      311        1.242        4.758            0      377.495      154.809      147.494
      312        1.251        4.671            0      376.679      143.309      146.948
      313        1.228        4.756            0      378.809      157.996      152.355
      314        1.211        4.771            0      377.317      145.214      148.775
      315        1.328        4.725            0      378.459      172.068      153.193
      316        1.343        4.702            0      377.005      159.625      141.920
      317        1.235        4.782            0      375.706      142.767      151.622
      318        1.222        4.752            0      375.416      135.617      153.491
      319        1.251        4.780            0      375.102      124.125      148.583
      320        1.226        4.807            0      378.276      141.669      148.826
      321        1.306        4.744            0      377.501      188.823      148.806
      322        1.238        4.786            0      377.513      154.699      149.579
      323        1.214        4.981            0      376.560      147.566      148.649
      324        1.275        4.719            0      376.718      142.331      148.037
      325        1.341        4.725            0      375.224      168.082      155.997
      326        1.348        4.719            0      377.986      165.731      144.285
      327        1.241        4.773            0      376.360      148.069      149.561
      328        1.225        4.750            0      378.978      148.074      147.674
      329        0.684        4.988            0      381.005      168.650      148.034
      330        0.904        4.826            0      379.199      181.281      151.946
      331        0.764        4.940            0      378.153      177.557      146.661
      332        0.681        4.937            0      372.883      169.178      147.746
      333        0.628        4.939            0      377.128      162.344      146.817
      334        0.547        4.924            0      377.452      158.128      145.238
      335        0.551        4.935            0      379.212      151.687      146.523
      336        0.824        4.892            0      374.942      171.954      150.053
      337        0.547        4.880            0      375.695      171.174      150.261
      338        0.684        4.977            0      377.424      163.423      149.363
      339        0.701        4.876            0      375.925      165.283      146.713
      340        0.537        5.018            0      379.576      145.590      151.656
      341        1.383        4.692            0      375.861      142.520      152.160
      342        1.250        4.785            0      374.983      161.866      152.623
      343        1.341        4.788            0      378.498      180.151      148.047
      344        1.377        4.751            0      378.498      145.350      146.650
      345        1.402        4.632            0      374.936      156.924      146.123
      346        1.355        4.679            0      373.568      147.537      156.049
      347        0.678        4.986            0      378.161      176.964      150.785
      348        0.483        4.973            0      377.188      167.920      148.793
      349        0.712        4.868            0      376.834      166.064      149.444
      350        0.715        4.885            0      376.764      125.539      147.937
      351        1.255        4.783            0      378.799      192.310      145.751
      352        1.252        4.765            0      377.516      155.283      147.549
      353        1.215        4.791            0      376.744      157.315      147.149
      354        1.241        4.713            0      377.004      119.945      150.694
      355        1.243        4.762            0      378.929      132.831      147.609
      356        1.437        4.637            0      376.722      185.748      153.412
      357        1.155        4.848            0      376.520      168.201      147.651
      358        1.228        4.755            0      376.772      166.017      147.658
      359        1.271        4.748            0      376.074      154.874      149.600
      360        1.210        4.782            0      376.622      157.640      148.368
      361        1.343        4.629            0      373.024      142.946      147.620
      362        1.203        4.780            0      379.476      133.464      149.579
      363        1.273        4.672            0      375.620      140.143      148.647
      364        1.287        4.793            0      379.381      136.080      149.071
      365        1.213        4.741            0      377.686      147.840      144.709
      366        1.257        4.752            0      379.747      126.253      154.083
      367        1.312        4.833            0      379.239      154.641      155.015
      368        1.232        4.741            0      374.184      140.023      145.398
      369        1.386        4.674            0      375.239      151.855      150.148
      370        1.341        4.689            0      379.022      174.132      150.139
      371        1.289        4.714            0      374.269      153.257      145.855
      372        1.257        4.768            0      377.262      164.785      149.093
      373        1.256        4.746            0      376.164      169.535      149.825
      374        1.324        4.875            0      375.173      163.668      147.793
      375        1.269        4.733            0      376.390      138.532      151.215
      376        1.265        4.681            0      373.479      163.050      151.681
      377        1.381        4.685            0      376.560      148.391      147.488
      378        1.349        4.726            0      375.682      185.714      152.714
      379        1.285        4.718            0      376.965      141.554      147.618
      380        1.256        4.803            0      377.075      143.198      149.224
      381        1.283        4.636            0      373.732      137.856      147.155
      382        1.436        4.683            0      374.038      161.228      154.844
      383        1.276        4.712            0      377.263      136.134      145.798
      384        1.331        4.721            0      378.383      137.224      153.713
      385        1.303        4.772            0      378.541      153.593      150.750
      386        1.279        4.773            0      377.407      134.658      150.115
      387        1.275        4.646            0      375.279      146.460      149.188
      388        1.299        4.798            0      378.205      154.616      152.942
      389        1.232        4.620            0      375.436      154.733      152.535
      390        1.186        4.744            0      377.144      132.945      148.897
      391        1.271        4.714            0      374.883      139.639      150.882
      392        1.332        4.733            0      373.517      163.812      151.314
      393        1.232        4.633            0      371.697      159.031      148.566
      394        1.244        4.742            0      378.122      128.275      150.367
      395        1.210        4.884            1      379.769      130.085      139.582
      396        1.333        4.643            0      377.236      115.397      142.959
      397        1.298        4.696            0      377.472      156.827      147.442
      398        1.188        4.825            0      378.244      145.353      151.440
      399        1.174        4.849            0      377.233      118.568      143.669
      400        1.229        4.770            0      378.144      149.502      146.460
      401        1.238        4.785            0      382.348      149.602      152.030
      402        1.265        4.745            0      376.640      144.147      151.346
      403        1.254        4.738            0      375.147      161.403      149.136
      404        1.327        4.692            0      373.169      120.510      149.775
      405        1.397        4.717            0      378.320      145.287      150.259
      406        1.225        4.825            0      377.354      132.146      148.547
      407        1.352        4.746            0      379.686      150.054      149.120
      408        1.271        4.689            0      375.204      147.797      150.179
      409        1.264        4.692            0      374.190      131.609      149.411
      410        1.172        4.979            0      379.275      152.768      154.792
      411        1.238        4.839            0      377.113      145.694      149.114
      412        1.195        4.938            0      375.570      123.099      149.253
      413        1.135        5.021            0      377.532      161.656      150.807
      414        1.130        5.010            0      374.230      154.898      143.230
      415        1.165        4.782            0      376.762      161.152      148.755
      416        1.281        4.693            0      373.323      154.994      148.241
      417        1.351        4.676            0      376.280      165.365      148.340
      418        1.316        4.599            0      376.870      170.069      147.680
      419        1.289        4.745            0      377.521      139.413      149.596
      420        1.435        4.707            0      375.812      145.909      151.571
      421        1.492        4.578            0      376.647      145.346      151.983
      422        1.426        4.684            0      378.322      159.750      148.543
      423        1.298        4.728            0      377.783      128.757      146.115
      424        1.073        5.054            0      376.231      141.766      141.141
      425        1.175        4.979            0      378.241      148.955      149.428
      426        1.129        4.941            0      375.871      170.499      143.347
      427        1.353        4.821            0      376.596      136.315      145.909
      428        1.073        5.006            0      374.222      162.233      143.674
      429        1.164        4.960            0      377.400      158.573      149.321
      430        1.170        5.043            0      379.862      166.807      149.101
      431        1.172        4.932            0      377.219      148.047      149.224
      432        1.214        4.925            0      372.588      159.773      144.840
      433        1.398        4.705            0      375.494      152.677      144.546
      434        1.292        4.760            0      378.304      147.900      147.969
      435        1.290        4.799            0      375.287      147.573      151.104
      436        1.267        4.717            0      376.926      148.123      148.722
      437        1.374        4.757            0      375.146      134.821      143.032
      438        1.252        4.707            0      376.961      131.554      152.759
      439        1.211        4.899            0      380.215      152.661      145.331
      440        1.198        4.783            0      378.729      123.173      146.314
      441        1.367        4.686            0      377.660      130.764      149.380
      442        0.799        4.992            0      376.884      146.186      149.544
      443        0.696        4.949            0      377.884      139.557      145.265
      444        0.709        4.963            0      376.399      157.335      149.261
      445        0.684        4.914            0      373.172      147.488      146.567
      446        0.786        4.927            0      377.782      149.117      148.925
      447        0.417        5.001            0      377.576      139.098      143.875
      448        0.628        4.979            0      373.513      159.004      145.326
      449        0.523        4.920            0      375.727      111.987      144.999
      450        0.560        4.961            0      377.861      146.056      146.630
      451        0.427        5.017            0      378.089      112.214      148.230
      452        0.565        4.997            0      375.684      111.188      142.891
      453        0.620        4.948            0      379.901      131.883      153.892
      454        0.642        4.958            0      380.643      133.304      146.304
      455        0.423        4.981            0      378.955      124.747      154.680
      456        0.633        4.935            0      374.201      156.632      149.899
      457        0.522        4.816            0      373.827      119.341      146.004
      458        0.557        5.029            0      376.052      125.974      150.882
      459        0.427        5.008            0      377.848      123.783      142.846
      460        0.470        4.933            0      378.282      115.928      146.577
      461        0.510        5.002            0      377.684      150.904      150.481
      462        0.684        4.858            0      376.728      131.410      147.902
      463        0.405        5.041            0      377.310      125.858      146.777
      464        0.537        5.059            0      379.043      121.546      155.566
      465        0.416        4.998            0      377.738      147.152      152.826
      466        0.433        4.927            0      378.594      120.425      148.877
      467        0.379        4.993            0      376.434      135.379      149.218
      468        0.639        4.904            0      375.809      114.960      147.774
      469        0.564        4.924            0      378.579      129.351      141.383
      470        0.754        4.808            0      373.526      152.844      145.858
      471        0.624        5.161            0      379.445      124.789      145.071
      472        0.460        4.945            0      376.303      132.633      148.360
      473        0.852        4.876            0      379.098      154.445      144.351
      474        0.416        4.956            0      376.308      144.873      144.307
      475        0.594        4.987            0      376.652      150.414      149.076
      476        0.809        4.838            0      375.954      138.078      146.818
      477        0.704        4.912            0      374.116      155.171      145.749
      478        0.486        5.141            0      377.889      118.433      148.325
      479        0.741        4.916            0      376.297      147.129      148.920
      480        0.400        4.993            0      378.324      129.193      142.285
      481        0.774        5.036            0      380.033      135.355      146.187
      482        0.857        4.936            0      376.949      141.346      146.935
      483        1.258        4.727            0      376.686      165.622      147.598
      484        0.932        4.957            0      377.571      149.980      144.242
      485        1.311        4.624            0      375.113      131.526      151.772
      486        1.206        4.729            0      377.913      134.951      147.175
      487        1.273        4.689            0      374.917      132.849      149.439
      488        1.226        4.760            0      378.376      125.838      148.169
      489        0.820        4.883            0      374.221      135.069      150.518
      490        0.904        4.824            0      375.170      147.962      148.204
      491        1.274        4.669            0      375.773      123.388      152.402
      492        1.222        4.770            0      378.044      151.945      148.851
      493        1.301        4.676            0      378.175      130.462      147.982
      494        1.289        4.705            0      376.303      123.661      147.857
      495        1.265        4.734            0      378.465      137.731      152.365
      496        1.212        4.757            0      375.500      115.880      147.538
      497        1.288        4.642            0      373.859      120.873      151.810
      498        1.283        4.704            0      376.298      114.945      148.351
      499        1.235        4.716            0      373.327      132.835      146.111
      500        1.347        4.692            0      377.106      118.581      151.549
      501        1.210        4.713            0      375.206      144.420      146.736
      502        1.330        4.682            0      374.541      132.090      151.064
      503        1.253        4.738            0      379.194      141.334      146.347
      504        1.213        4.809            0      377.898      124.616      147.273
      505        0.917        4.819            0      376.785      131.776      147.465
      506        0.817        4.748            0      373.397      139.437      149.355
      507        1.283        4.711            0      375.720      132.324      149.970
      508        1.187        4.772            0      375.454      140.394      147.385
      509        0.729        4.953            0      377.977      143.480      153.417
      510        0.668        4.846            0      377.673      136.435      147.511
      511        1.022        4.755            0      377.158      136.398      145.700
      512        1.328        4.731            0      377.190      124.465      152.272
      513        1.229        4.779            0      378.291      117.401      146.684
      514        1.247        4.754            0      376.334      127.929      148.823
      515        1.288        4.683            0      374.736      115.331      149.512
      516        1.295        4.727            0      376.240      117.064      147.727
      517        1.279        4.697            0      376.363      116.035      147.850
      518        1.168        4.850            0      377.289      132.674      146.726
      519        1.291        4.721            0      374.564      105.438      147.108
      520        1.266        4.763            0      374.334      123.710      149.816
      521        0.913        4.884            0      377.607      120.927      152.145
      522        1.223        4.745            0      377.188      133.517      151.351
      523        1.288        4.763            0      375.598      108.248      149.713
      524        1.240        4.715            0      377.724      112.810      147.966
      525        1.217        4.777            0      375.730      103.494      143.195
      526        1.225        4.795            0      376.379      126.641      148.585
      527        1.266        4.713            0      377.520      117.583      148.686
      528        1.285        4.739            0      377.952      131.731      150.399
      529        1.288        4.731            0      376.576      122.263      147.316
      530        1.371        4.722            0      371.129      173.148      154.104
      531        1.300        4.765            0      377.202      165.943      147.522
      532        1.369        4.652            0      375.764      133.498      152.445
      533        1.360        4.697            0      375.546      135.751      149.127
      534        1.342        4.766            0      376.673      143.571      148.705
      535        1.428        4.602            0      376.269      183.334      147.810
      536        1.313        4.647            0      376.927      161.054      152.982
      537        1.420        4.624            0      374.982      202.214      149.357
      538        1.440        4.751            0      376.084      170.585      146.546
      539        1.465        4.764            0      378.325      150.774      147.604
      540        1.160        5.063            0      380.761      171.763      149.305
      541        1.141        4.894            0      375.071      159.755      140.323
      542        1.395        4.937            0      375.716      160.695      143.567
      543        1.100        4.948            0      374.241      161.998      142.986
      544        1.058        5.053            0      375.525      163.574      150.190
      545        1.156        4.886            0      375.027      188.123      146.778
      546        1.037        5.022            0      376.889      166.711      146.046
      547        1.259        5.009            0      376.509      153.332      148.963
      548        1.169        4.979            0      378.306      157.330      150.532
      549        1.098        4.934            0      377.980      157.601      149.242
      550        1.160        4.994            0      377.714      155.557      148.940
      551        1.098        5.035            0      377.904      177.512      146.807
      552        1.127        5.076            0      376.515      187.602      146.694
      553        1.091        5.148            0      376.334      167.426      144.482
      554        1.191        4.876            0      377.696      171.744      150.497
      555        1.105        4.986            0      377.389      167.448      147.242
      556        1.243        4.991            0      374.874      158.744      146.667
      557        1.147        5.003            0      378.808      174.840      149.316
      558        1.337        5.115            0      381.795      169.976      151.836
      559        1.229        4.924            0      373.990      170.513      148.898
      560        1.220        4.993            0      375.430      155.767      142.768
      561        1.320        4.660            0      375.400      160.775      150.790
      562        1.372        4.738            0      372.879      180.771      147.626
      563        1.470        4.688            0      376.270      157.064      148.038
      564        1.241        4.772            0      374.886      171.190      147.726
      565        1.339        4.713            0      376.162      176.882      148.857
      566        1.219        4.913            0      378.905      194.290      146.474
      567        1.222        4.871            0      379.041      155.023      149.141
      568        1.358        4.710            0      373.417      163.195      147.704
      569        1.124        4.910            0      375.680      188.310      146.795
      570        1.103        4.922            0      372.235      166.670      145.561
      571        1.360        4.721            0      375.217      185.114      148.898
      572        1.345        4.688            0      375.927      178.631      150.360
      573        0.699        5.067            0      377.789      201.818      150.641
      574        0.681        4.889            0      376.597      165.563      146.584
      575        1.455        4.564            0      372.571      171.621      152.975
      576        1.426        4.688            0      375.522      179.612      154.461
      577        1.493        4.757            0      376.725      185.868      148.684
      578        1.356        4.667            0      377.588      207.618      150.363
      579        1.353        4.715            0      374.350      207.065      145.831
      580        1.363        4.743            0      374.550      190.569      147.598
      581        1.436        4.660            0      374.065      204.092      147.738
      582        1.424        4.635            0      374.879      197.510      151.099
      583        1.311        4.889            0      381.725      204.245      150.878
      584        1.355        4.736            0      378.296      188.841      154.446
      585        1.390        4.759            0      376.522      205.310      153.158
      586        1.332        4.727            0      375.346      168.283      146.600
      587        1.434        4.681            0      375.733      175.356      146.687
      588        1.375        4.737            0      376.800      210.692      149.174
      589        1.368        4.745            0      375.429      173.879      146.495
      590        1.263        4.735            0      376.804      222.253      153.895
      591        1.330        4.805            0      377.365      204.735      148.920
      592        1.346        4.631            0      378.799      199.089      153.132
      593        1.300        4.785            0      377.695      180.888      151.479
      594        1.313        4.773            0      378.804      204.262      148.790
      595        1.389        4.711            0      378.109      210.722      147.023
      596        1.373        4.745            0      376.179      218.295      148.335
      597        1.353        4.717            0      376.626      178.576      149.749
      598        1.379        4.705            0      377.614      170.278      150.992
      599        1.460        4.619            0      376.066      159.559      151.283
      600        1.382        4.752            0      376.064      213.203      144.177
      601        1.354        4.700            0      376.986      201.638      149.267
      602        1.359        4.690            0      375.648      182.556      150.089
      603        1.353        4.629            0      375.955      185.234      150.873
      604        1.404        4.606            0      376.714      210.135      152.230
      605        1.332        4.719            0      378.789      217.357      151.365
      606        1.336        4.760            0      376.698      189.153      153.680
      607        1.271        4.778            0      377.869      180.746      149.555
      608        1.380        4.607            0      378.461      199.697      148.691
      609        1.377        4.677            0      377.074      211.638      148.130
      610        1.393        4.595            0      374.468      183.553      147.532
      611        1.289        4.765            0      378.092      213.852      148.277
      612        1.443        4.704            0      377.630      170.631      151.315
      613        1.258        4.713            0      376.564      180.696      151.364
      614        1.284        4.756            0      375.163      166.460      145.014
      615        1.399        4.745            0      376.206      163.420      146.402
      616        1.269        4.747            0      377.117      154.668      148.284
      617        1.391        4.698            0      377.530      141.162      155.860
      618        1.367        4.730            0      376.262      171.001      152.712
      619        1.454        4.634            0      379.992      188.576      151.561
      620        1.341        4.706            0      377.620      214.814      148.031
      621        1.441        4.621            0      374.879      185.396      145.680
      622        1.395        4.639            0      375.383      171.401      153.029
      623        1.338        4.755            0      378.287      176.680      150.750
      624        1.338        4.715            0      375.861      178.451      153.120
      625        1.289        4.736            0      374.485      179.098      148.787
      626        1.364        4.708            0      377.738      195.501      152.196
      627        1.239        4.785            0      377.891      170.551      152.402
      628        1.416        4.759            0      379.457      177.592      148.937
      629        1.298        4.750            0      378.662      192.117      149.903
      630        1.341        4.746            0      379.495      195.778      150.909
      631        1.341        4.694            0      374.323      184.680      148.031
      632        1.298        4.732            0      376.467      195.643      143.388
      633        1.344        4.701            0      376.498      188.144      147.250
      634        1.348        4.708            0      375.860      195.348      145.923
      635        1.429        4.708            0      377.311      187.357      150.592
      636        1.389        4.760            0      377.479      197.122      151.989
      637        1.280        4.772            0      374.153      182.701      142.798
      638        1.325        4.704            0      376.305      164.080      142.165
      639        1.355        4.671            0      373.145      189.363      148.491
      640        1.351        4.754            0      378.894      181.456      152.180
      641        1.321        4.685            0      377.472      209.721      145.500
      642        1.310        4.779            0      377.836      187.062      148.436
      643        1.323        4.764            0      376.677      192.782      148.095
      644        1.240        4.788            0      377.815      186.556      147.639
      645        1.354        4.664            0      375.437      157.088      145.450
      646        1.360        4.764            0      376.689      190.266      149.527
      647        1.114        4.932            0      378.391      127.508      146.652
      648        1.149        4.983            0      375.252      163.360      145.592
      649        1.017        4.943            0      378.180      177.493      143.272
      650        1.130        5.075            0      376.483      173.370      147.223
      651        1.239        5.008            0      379.092      188.627      149.200
      652        1.172        5.061            0      378.581      180.544      149.457
      653        1.238        4.977            0      376.954      162.835      146.404
      654        1.319        5.038            0      379.025      178.075      148.440
      655        1.353        4.775            0      378.257      193.888      147.950
      656        1.351        4.796            0      377.654      177.720      151.267
      657        1.389        4.762            0      376.997      195.405      143.259
      658        1.350        4.676            0      374.315      189.133      149.347
      659        1.385        4.750            0      375.253      218.888      146.401
      660        1.409        4.742            0      378.431      194.590      149.954
      661        1.319        4.767            0      377.698      210.796      149.027
      662        1.346        4.769            0      375.308      222.452      151.553
      663        1.239        4.994            0      376.394      198.885      145.513
      664        1.377        4.703            0      375.612      189.957      149.339
      665        1.317        4.705            0      373.517      206.009      148.597
      666        1.282        4.785            0      378.246      238.197      149.273
      667        1.350        4.789            0      378.291      211.639      147.625
      668        1.375        4.755            0      378.508      199.421      149.461
      669        1.251        4.699            0      372.425      168.162      145.625
      670        1.221        4.729            0      376.464      140.130      147.798
      671        1.215        4.801            0      379.158      165.365      151.435
      672        1.377        4.764            0      376.165      172.706      142.470
      673        1.401        4.749            0      377.115      169.827      147.687
      674        1.366        4.675            0      374.633      209.703      147.520
      675        1.380        4.702            0      377.124      205.551      150.908
      676        1.404        4.812            0      378.820      185.838      151.524
      677        1.355        4.740            0      376.525      172.709      148.367
      678        1.481        4.704            0      383.246      186.529      150.508
      679        1.197        4.702            0      377.580      160.072      145.132
      680        0.674        4.927            0      377.633      174.612      145.764
      681        0.647        4.784            0      373.514      157.562      151.761
      682        0.866        4.909            0      381.593      182.162      157.651
      683        0.609        4.931            0      377.966      154.911      148.947
      684        0.429        4.939            0      376.758      138.813      149.543
      685        1.121        4.981            0      374.610      166.242      151.659
      686        1.218        4.807            0      375.609      132.455      148.650
      687        1.295        4.707            0      375.744      143.010      153.275
      688        1.330        4.709            0      378.572      134.591      149.624
      689        1.254        4.724            0      378.809      142.982      149.926
      690        1.192        4.795            0      377.069      139.557      146.443
      691        1.318        4.704            0      376.781      147.636      143.727
      692        1.277        4.707            0      376.483      132.690      150.908
      693        1.208        4.790            0      376.001      132.014      153.147
      694        1.219        4.771            0      377.862      156.579      150.028
      695        1.193        4.936            0      377.281      171.126      145.952
      696        0.454        4.994            0      378.750      172.737      151.445
      697        0.698        4.955            0      379.552      154.902      148.743
      698        0.653        5.023            0      379.312      168.073      142.594
      699        0.740        4.886            0      375.009      153.486      147.533
      700        0.646        4.990            0      377.756      194.454      146.732
      701        0.700        4.853            0      377.113      131.054      152.189
      702        1.314        4.733            0      373.320      151.321      142.751
      703        1.186        4.770            0      377.053      173.235      143.665
      704        1.362        4.659            0      376.700      139.917      153.498
      705        0.551        4.967            0      376.305      162.945      150.333
      706        1.277        4.674            0      374.733      143.144      143.301
      707        1.265        4.797            0      374.776      158.997      141.837
      708        1.230        4.821            0      378.967      138.568      148.766
      709        1.169        4.796            0      375.588      170.957      145.594
      710        1.361        4.616            0      371.669      182.641      144.720
      711        1.281        4.822            0      377.315      169.745      150.824
      712        1.373        4.776            0      378.487      176.918      147.478
      713        0.575        4.884            0      378.795      200.463      148.631
      714        1.306        4.737            0      377.480      197.526      144.099
      715        1.284        4.754            0      377.374      128.851      152.158
      716        1.259        4.765            0      375.202      157.012      148.798
      717        1.365        4.772            0      376.834      181.780      150.220
      718        1.268        4.795            0      376.008      174.383      147.362
      719        1.291        4.710            0      373.774      177.684      147.832
      720        1.377        4.697            0      376.714      184.543      149.953
      721        1.219        4.836            0      375.635      177.423      140.624
      722        1.253        4.752            0      378.724      190.128      148.993
      723        1.317        4.644            0      376.996      139.506      147.173
      724        1.289        4.833            0      378.033      132.436      149.164
      725        1.346        4.807            0      374.562      182.115      144.463
      726        1.351        4.704            0      374.513      175.795      149.985
      727        1.217        4.764            0      376.234      206.174      150.249
      728        1.255        4.715            0      374.210      183.337      145.396
      729        1.329        4.731            0      376.620      181.174      151.895
      730        1.314        4.780            0      375.272      185.934      148.551
      731        1.325        4.670            0      374.967      148.489      148.055
      732        0.790        4.858            0      378.754      130.276      148.462
      733        0.956        4.813            0      376.895      145.086      150.705
      734        1.345        4.693            0      375.344      119.683      152.651
      735        1.156        4.828            0      376.772      129.911      147.592
      736        1.298        4.737            0      376.017      152.946      142.981
      737        0.691        4.854            0      373.925      164.124      148.749
      738        0.543        4.940            0      378.637      147.185      148.388
      739        1.217        4.704            0      371.891      139.634      143.553
      740        1.260        4.730            0      379.083      131.830      148.643
      741        1.229        4.714            0      376.400      166.969      152.360
      742        1.213        4.770            0      376.717      173.442      147.041
      743        1.215        4.741            0      375.559      135.354      147.073
      744        1.318        4.716            0      376.990      138.650      148.119
      745        1.270        4.761            0      374.353      124.603      148.474
      746        1.205        4.798            0      378.663      143.305      146.654
      747        1.237        4.758            0      375.178      146.475      143.353
      748        1.241        4.765            0      378.226      116.549      149.350
      749        1.301        4.703            0      378.563      127.275      148.755
      750        1.236        4.685            0      373.522      131.978      149.287
      751        1.197        4.832            0      375.886      143.791      145.435
      752        1.220        5.075            1      377.898      170.524      139.949
      753        1.195        4.812            0      378.172      147.923      152.860
      754        1.286        4.740            0      378.145      144.308      140.311
      755        1.312        4.683            0      376.538      158.919      146.672
      756        1.159        4.844            0      377.902      158.104      148.738
      757        1.252        4.706            0      375.882      156.523      146.946
      758        1.277        4.798            0      378.884      162.405      150.705
      759        1.285        4.640            0      377.494      152.774      150.450
      760        1.201        4.736            0      378.070      148.321      148.551
      761        1.281        4.723            0      377.277      144.848      148.945
      762        1.242        4.760            0      376.365      137.645      147.495
      763        1.165        4.787            0      375.084      154.374      143.207
      764        1.383        4.626            0      374.891      163.397      148.823
      765        0.663        4.805            0      376.055      149.064      147.713
      766        1.273        4.584            0      373.541      151.904      147.728
      767        1.184        4.818            0      379.050      157.774      146.503
      768        1.203        4.790            0      376.031      155.759      143.859
      769        1.246        4.713            0      376.452      169.061      146.260
      770        1.328        4.693            0      377.674      178.491      150.179
      771        1.511        4.640            0      376.388      213.165      150.212
      772        1.189        4.791            0      379.516      190.012      148.622
      773        1.368        4.713            0      377.639      138.069      151.925
      774        0.868        4.718            0      375.677      174.431      147.754
      775        1.221        4.752            0      377.125      156.562      148.175
      776        1.162        4.776            0      376.750      162.238      148.956
      777        1.338        4.654            0      375.130      156.432      155.036
      778        1.183        4.822            0      378.335      147.848      149.295
      779        1.318        4.658            0      377.668      155.789      148.719
      780        1.229        4.777            0      378.816      155.962      149.728
      781        1.146        4.832            0      375.367      144.800      142.521
      782        1.290        4.727            0      374.818      130.262      140.633
      783        1.196        4.751            0      379.579      169.614      147.714
      784        1.248        4.681            0      374.704      153.184      146.211
      785        1.239        4.853            0      378.084      169.101      152.618
      786        1.200        4.807            0      376.490      167.467      147.094
      787        1.247        4.753            1      374.348      146.139      140.996
      788        1.197        4.721            0      375.694      163.484      151.703
      789        1.241        4.745            0      373.907      159.275      150.916
      790        1.268        4.887            0      381.890      165.474      148.632
      791        1.228        4.721            0      373.928      165.816      144.240
      792        1.193        4.761            0      376.857      155.479      152.894
      793        1.298        4.665            0      376.386      137.351      151.545
      794        1.333        4.647            0      374.205      169.402      149.492
      795        1.348        4.689            0      379.281      161.282      146.639
      796        1.209        4.831            0      377.511      144.685      151.436
      797        1.254        4.724            0      377.941      157.397      148.533
      798        1.166        4.785            0      376.948      160.197      144.140
      799        1.359        4.641            0      375.913      143.644      149.333
      800        1.308        4.740            0      375.777      172.535      145.796
      801        0.872        4.991            0      374.283      148.997      142.583
      802        0.618        4.952            0      377.813      136.459      144.563
      803        0.579        4.984            0      375.540      195.515      147.436
      804        0.500        4.958            0      377.157      153.275      145.271
      805        0.723        4.968            0      377.385      169.035      149.974
      806        1.210        4.757            0      375.607      162.793      153.004
      807        1.149        5.012            0      377.501      170.325      151.407
      808        1.217        4.825            0      376.393      135.971      146.340
      809        1.146        4.991            0      375.101      127.617      144.599
      810        1.292        5.013            0      377.550      156.320      149.429
      811        1.271        4.887            0      378.702      141.875      147.279
      812        1.194        4.886            0      375.154      128.057      144.413
      813        1.165        4.958            0      377.777      140.995      149.141
      814        1.123        4.924            0      375.760      170.863      145.098
      815        1.271        4.695            0      375.353      161.457      150.859
      816        1.250        4.686            0      375.731      144.920      146.754
      817        1.503        4.651            0      377.413      191.571      148.898
      818        1.444        4.634            1      380.438      161.208      144.937
      819        1.304        4.875            0      378.247      175.883      153.805
      820        1.267        4.670            0      377.114      163.773      148.145
      821        1.209        4.758            0      375.375      145.510      152.250
      822        1.153        4.917            0      376.488      158.143      147.516
      823        1.324        4.895            0      378.054      173.761      148.555
      824        1.207        5.077            0      381.782      156.894      152.341
      825        1.289        5.001            0      378.821      172.105      152.047
      826        1.219        4.705            0      379.203      155.821      148.425
      827        1.255        4.844            1      374.672      148.677      138.093
      828        1.112        5.015            0      376.562      162.004      146.717
      829        1.202        4.808            0      376.098      136.340      148.775
      830        0.733        4.948            0      375.908      149.460      141.833
      831        1.272        4.695            0      374.912      153.062      151.882
      832        1.223        4.754            0      377.876      163.561      149.472
      833        1.188        4.836            0      378.324      150.582      149.121
      834        1.427        4.678            0      379.944      166.242      154.481
      835        1.297        4.693            1      372.704      162.419      136.200
      836        1.189        4.880            0      376.081      159.056      146.900
      837        1.162        5.029            0      378.518      165.577      145.247
      838        1.216        4.900            0      380.336      156.235      143.558
      839        1.229        4.724            0      372.160      167.012      143.643
      840        1.325        4.647            0      377.691      146.797      141.164
      841        1.372        4.704            0      380.207      162.479      148.409
      842        1.205        4.764            0      376.730      159.493      151.912
      843        1.260        4.678            0      378.516      133.443      148.641
      844        1.325        4.700            0      376.407      154.194      147.271
      845        1.249        4.730            0      372.792      188.886      146.617
      846        0.423        5.073            0      377.495      202.341      148.750
      847        0.453        4.998            0      377.943      198.824      149.583
      848        0.542        4.912            0      376.306      172.735      148.345
      849        1.240        4.686            0      376.583      168.780      152.203
      850        1.282        4.670            0      375.062      149.970      142.180
      851        0.423        5.003            0      375.014      192.111      144.007
      852        0.525        4.877            0      379.144      193.700      150.365
      853        0.475        5.127            0      379.410      153.296      142.839
      854        0.325        5.025            0      379.485      165.035      142.591
      855        0.369        5.032            0      380.827      157.217      146.301
      856        0.375        4.922            0      378.038      159.625      149.612
      857        0.549        4.954            0      378.081      159.301      150.972
      858        0.438        4.987            0      379.251      148.027      149.592
      859        0.415        4.997            0      379.137      137.632      146.326
      860        0.359        5.028            0      377.978      177.235      145.239
      861        0.369        4.941            0      373.848      154.912      146.729
      862        0.720        4.955            0      376.341      128.627      138.850
      863        0.522        4.923            0      378.412      138.041      145.283
      864        0.424        4.962            0      375.715      161.407      145.304
      865        0.528        5.152            0      379.931      179.760      148.433
      866        0.763        5.000            0      378.501      156.212      151.195
      867        0.638        4.922            0      376.554      149.136      144.469
      868        0.439        5.114            0      378.495      188.067      149.195
      869        0.724        4.912            0      379.274      178.554      148.777
      870        1.147        5.034            0      377.793      176.557      144.496
      871        1.077        5.094            0      382.176      180.882      144.577
      872        0.584        4.944            0      377.491      181.061      144.540
      873        0.580        4.856            0      378.258      199.515      146.352
      874        1.351        4.626            0      379.090      190.944      151.697
      875        0.583        4.998            0      378.316      190.107      145.814
      876        0.722        4.913            0      377.815      179.038      144.354
      877        0.468        4.957            0      377.113      215.854      144.470
      878        1.350        4.739            0      376.600      206.358      149.395
      879        1.284        4.636            0      376.192      204.537      146.915
      880        1.167        4.776            0      378.427      184.413      148.315
      881        1.254        4.672            0      372.353      154.492      148.006
      882        1.297        4.671            0      371.389      164.144      143.853
      883        0.299        5.002            0      374.565      165.856      146.485
      884        0.556        4.817            0      376.393      157.134      147.253
      885        0.638        5.009            0      378.023      182.947      146.521
      886        0.338        4.959            0      377.683      168.078      144.012
      887        0.387        4.987            0      376.489      159.296      145.489
      888        0.813        4.777            0      377.224      165.808      143.179
      889        1.314        4.612            0      374.663      168.691      147.044
      890        1.194        4.802            0      379.199      161.107      152.435
      891        1.324        4.667            0      376.188      169.377      147.633
      892        0.483        4.912            0      374.544      160.860      142.236
      893        0.534        4.870            0      379.750      192.208      149.393
      894        0.774        4.952            0      375.933      185.091      148.505
      895        0.495        5.035            0      376.331      174.776      149.489
      896        0.645        4.969            0      379.919      155.051      136.791
      897        0.650        4.943            0      375.108      157.515      149.580
      898        1.225        4.706            0      376.727      161.115      147.381
      899        1.297        4.608            0      376.976      156.614      150.287
      900        1.248        4.699            0      374.973      140.170      148.604
      901        1.266        4.725            0      378.721      140.448      150.197
      902        1.332        4.638            0      377.006      144.000      151.684
      903        1.237        4.783            0      377.286      163.011      148.555
      904        1.188        4.856            0      377.041      167.629      145.090
      905        1.360        4.708            0      380.661      163.177      155.235
      906        0.542        4.960            0      375.390      173.915      146.697
      907        0.579        4.941            0      375.862      153.441      150.669
      908        1.301        4.715            0      374.103      156.410      152.696
      909        1.236        4.707            0      376.426      174.979      150.513
      910        1.283        4.831            0      378.479      171.130      148.913
      911        1.267        4.693            0      376.808      156.459      152.282
      912        1.350        4.725            0      377.925      151.307      148.853
      913        0.574        4.875            0      379.986      163.217      147.490
      914        1.127        4.816            0      379.858      175.619      150.383
      915        1.092        5.057            0      379.793      157.160      147.913
      916        1.226        4.729            0      376.864      156.254      152.956
      917        0.659        5.007            0      378.692      184.798      152.751
      918        0.737        4.989            0      379.939      159.042      148.156
      919        0.516        4.932            0      376.595      136.564      142.910
      920        1.283        4.777            0      377.606      159.699      153.746
      921        1.164        4.737            0      378.369      164.303      149.531
      922        1.186        4.724            0      377.511      149.685      147.849
      923        1.241        4.772            0      380.982      160.723      147.846
      924        1.346        4.650            0      374.946      134.003      149.247
      925        1.382        4.545            0      372.767      161.964      147.620
      926        0.480        4.894            0      374.138      155.246      147.106
      927        0.694        4.949            0      377.679      156.915      146.195
      928        0.694        4.892            0      378.945      155.043      143.580
      929        1.303        4.692            0      376.665      170.305      148.919
      930        1.295        4.726            0      377.108      139.967      150.152
      931        1.263        4.744            0      377.156      153.151      151.234
      932        1.283        4.745            0      377.233      159.364      148.655
      933        1.271        4.748            0      375.448      145.974      147.494
      934        1.284        4.707            0      378.064      168.456      151.028
      935        1.261        4.713            0      377.665      163.109      146.380
      936        1.303        4.775            0      377.743      152.525      148.115
      937        1.231        4.792            0      375.921      151.488      142.089
      938        1.255        4.721            0      377.266      133.409      149.355
      939        1.263        4.781            0      375.893      143.796      145.925
      940        1.333        4.851            0      377.508      154.508      147.502
      941        1.229        4.698            0      377.213      143.171      146.828
      942        1.295        4.651            0      375.978      151.955      147.223
      943        1.218        4.841            0      379.192      160.319      149.067
      944        1.219        4.697            0      374.558      138.135      148.240
      945        1.252        4.573            0      377.544      160.929      145.140
      946        1.267        4.643            0      377.627      153.141      147.553
      947        1.230        4.741            0      374.709      145.110      149.198
      948        1.202        4.744            0      378.948      142.000      150.109
      949        0.717        4.806            0      376.042      147.063      146.386
      950        0.545        4.972            0      376.140      137.849      146.407
      951        1.211        4.780            0      379.000      140.819      145.962
      952        1.318        4.658            0      376.849      148.215      147.913
      953        1.259        4.638            0      374.807      154.991      145.919
      954        0.574        4.985            0      378.665      172.695      146.760
      955        0.375        5.064            0      376.492      156.274      145.944
      956        0.919        4.804            0      375.811      132.606      148.057
      957        0.684        4.896            0      379.204      127.340      152.108
      958        0.670        4.966            0      377.393      149.008      145.292
      959        0.598        4.922            0      377.344      189.513      149.260
      960        0.800        4.859            0      376.384      142.135      143.241
      961        0.537        5.136            0      376.741      162.083      143.986
      962        0.700        4.894            0      376.050      136.139      144.858
      963        1.294        4.731            0      378.913      126.779      150.565
      964        1.305        4.748            0      374.412      129.428      144.273
      965        1.311        4.700            0      377.678      138.820      152.811
      966        0.418        4.975            0      376.004      163.993      144.679
      967        0.661        5.066            0      378.380      170.300      146.483
      968        1.105        4.940            0      375.728      148.363      144.522
      969        1.291        4.700            0      376.452      165.389      148.356
      970        1.132        4.864            0      378.555      140.982      148.483
      971        1.106        4.990            0      378.102      178.202      152.502
      972        1.225        4.870            0      376.859      181.644      147.458
      973        1.244        4.826            0      377.919      149.485      148.074
      974        1.295        4.640            0      374.636      172.786      149.140
      975        1.257        4.799            0      376.040      168.708      146.112
      976        0.437        5.015            0      377.479      143.938      146.609
      977        0.927        4.783            0      377.653      163.623      145.286
      978        1.331        4.698            0      375.935      207.313      146.932
      979        1.232        4.762            0      378.102      153.611      147.261
      980        1.271        4.752            0      377.608      189.779      147.179
      981        1.308        4.721            0      376.098      154.412      154.012
      982        1.308        4.693            0      376.384      164.900      151.712
      983        0.517        4.935            0      378.067      150.144      148.956
      984        1.253        4.617            0      373.249      132.386      148.692
      985        1.343        4.622            0      379.043      148.173      152.620
      986        1.280        4.700            0      379.629      146.257      146.916
      987        1.209        4.734            0      378.131      164.151      149.892
      988        1.198        4.731            0      378.038      146.437      145.148
      989        1.245        4.710            0      377.987      154.635      146.857
      990        1.266        4.643            0      374.882      156.905      146.445
      991        1.250        4.732            0      377.164      145.810      149.400
      992        1.392        4.598            0      374.309      144.123      149.005
      993        1.232        4.702            0      377.476      147.950      150.852
      994        1.244        4.694            0      375.039      145.095      146.602
      995        1.319        4.683            0      377.379      150.607      151.338
      996        1.220        4.729            0      377.193      156.602      153.164
      997        1.230        4.720            0      375.601      163.720      149.002
      998        1.195        4.854            0      378.683      126.633      155.140
      999        1.240        4.769            0      379.614      163.290      152.504
     1000        1.356        4.628            0      379.950      155.128      151.140
