   # Atom# PDBResName  wrt_Protein   wrt_Ligand 
         1                   0.881        0.277
         2                   0.950        0.232
         3                   1.085        0.293
         4                   1.511        0.746
         5                   0.865        0.530
         6                   0.900        0.635
         7                   0.925        0.344
         8                   0.918        0.288
         9                   1.085        0.429
        10                   1.688        1.574
        11                   1.699        1.639
        12                   1.903        0.973
        13                   2.014        0.922
        14                   2.613        1.909
        15                   2.597        1.869
        16                   0.891        0.518
        17                   0.830        0.280
        18                   0.849        0.212
        19                   0.984        0.560
        20                   0.967        0.435
        21                   0.938        0.309
        22                   1.030        0.277
        23                   1.145        0.494
        24                   1.142        0.218
        25                   1.244        0.296
        26                   1.327        0.376
        27                   1.460        0.662
        28                   1.382        0.482
        29                   1.326        0.465
        30                   1.191        0.330
