## Torsion are defined with the following atomIDs:
# dihed1: ai= 8079 aj= 8078 ak= 8075 al= 8076
# dihed2: ai= 8076 aj= 8075 ak= 8073 al= 8082
# dihed3: ai= 8074 aj= 8083 ak= 8084 al= 8086
# dihed4: ai= 8086 aj= 8068 ak= 8088 al= 8069
# dihed5: ai= 8068 aj= 8088 ak= 8069 al= 8090
# dihed6: ai= 8088 aj= 8069 ak= 8090 al= 8096
# dihed7: ai= 8094 aj= 8091 ak= 8092 al= 8093
# dihed8: ai= 8091 aj= 8092 ak= 8093 al= 16160
# Frame#   dihed1   dihed2   dihed3   dihed4   dihed5   dihed6   dihed7   dihed8
0   57.590  173.367  -24.565  -16.304 -173.922   10.799   61.614  -17.818
1   54.280 -155.461  -17.201  -24.941 -179.014   20.218   85.305   -8.671
2   46.616 -165.673  -11.515  -18.686  161.954    9.887  105.910  -17.085
3   57.694 -164.546  -32.264   10.891  170.591   -1.473  109.661   -1.749
4   58.523 -157.963  -27.951   -1.566  172.774    9.750   79.127    0.811
5   43.288  174.105  -33.912   10.977  164.289   -6.419   72.310    3.051
6   52.448  166.075  -15.246   22.211  159.806  -13.723   74.114   -6.380
7   56.815 -171.452  -24.142  -12.561  172.303   12.895   69.812   -9.127
8   57.946 -177.167  -26.557    8.946  160.725    1.001   94.074    6.801
9   63.755 -159.694  -42.685   22.830  157.199   -0.649  104.982  -19.732
10   61.329 -174.375  -28.978  -10.022  163.402   11.554   49.609   15.616
11   62.255 -177.475  -31.586   16.259  168.982   -3.239   96.605   10.176
12   52.861 -152.707  -29.113    4.660  175.504  -12.412   69.477    2.643
13   53.248 -177.391  -33.507  -16.752  171.767   17.355   92.824   -1.036
14   54.114 -179.805  -21.873   -3.175 -179.991    1.094   66.961   -3.693
15   62.557 -156.134  -26.832  -10.445  164.334    3.912   66.644  -15.169
16   51.641 -162.342  -10.685   -1.121  167.530    3.528  -63.287  -23.618
17   47.728 -143.139    4.859   19.854  177.586  -31.828   87.900  -10.170
18   50.100  172.133  -27.104   12.098 -173.943  -20.782   73.779  -10.685
19   52.659 -169.370  -49.178    7.528  151.757   -2.333  168.768    0.024
20   41.156  175.264  -10.801    2.949  161.596   -4.998   88.436  -12.864
21   58.724 -166.981   -0.359  -11.817  172.503   -1.476   39.085    2.891
22   62.917 -171.053  -28.711    1.463  179.735   11.957   88.239   -0.606
23   54.623 -175.226  -26.195   33.126  170.802   -8.005   70.218  -19.938
24   49.839 -162.441  -22.803    2.711 -164.498   -9.095   53.710   10.972
25   55.224  170.690  -27.624   19.422  166.201   -3.993   69.318  -14.808
26   49.825 -177.324  -23.597   -7.661 -175.662    5.486   73.030   -0.451
27   65.582 -172.247  -10.115   -8.883  176.233   14.584   71.579   14.038
28   49.246 -174.909   14.793  -16.349  177.953   11.729   98.848  -25.336
29   63.259 -175.949  -14.607   17.957 -172.348  -20.823   81.692  -14.171
30   65.840  176.398   15.315   -3.113  165.615   -0.813   86.874  -10.513
31   53.395  172.517  -29.151   27.828  156.974   -1.502   88.763    1.026
32   61.839 -173.634  -39.285   -2.809 -173.249   -3.060   97.888   18.827
33   59.434 -163.069  -38.720   10.033  176.652  -11.629   74.861  -17.318
34   51.185 -170.672   14.340  -14.078  174.515   -2.940   78.810  -10.719
35   61.747  176.559  -12.456  -22.965  168.471   25.193  105.522   -3.884
36   47.966 -177.267  -16.461    0.187  176.907   18.332  102.589   -3.888
37   50.946 -170.051  -35.466   -8.902 -174.631  -21.355   72.497   -6.577
38   45.551 -158.620  -32.655  -23.984  171.693   43.876  103.872  -10.920
39   56.224  179.500    1.881  -19.628  176.239    8.130  106.954  -19.082
40   49.171 -170.723  -22.803  -17.049  177.045   14.718  112.753  -33.491
41   47.809 -173.943  -43.651    0.058  172.117    5.599  105.201  -19.797
42   53.809  173.914  -11.002    5.967  169.308  -24.063   79.442   -4.723
43   45.720 -177.170    7.809  -13.269  162.670   11.998   91.542   -9.943
44   40.058 -163.741   24.885    4.218  176.197  -30.820   91.184   -4.346
45   52.123 -169.531  -36.490   23.427 -178.652  -21.036   92.781  -17.683
46   58.994 -161.313  -27.398   21.506 -179.155  -19.755   84.957   -5.823
47   64.002 -159.664  -17.095   -9.921  163.237   20.426   74.415    6.200
48   57.632 -179.813  -33.407  -30.134 -175.575   29.237   85.781   11.255
49   67.590 -175.069   18.316  -12.562  176.326    8.094   85.444   -5.085
50   46.534 -176.525  -20.769   18.672  179.493  -20.119   85.783  -16.912
51   56.470  179.371  -26.734   12.138  177.153   -0.090   87.977   -2.581
52   49.351 -172.968    9.640  -29.881 -174.744   -1.777  103.804   -8.529
53   57.466 -170.362   12.494  -12.802  167.778    6.487   95.992    8.718
54   57.537 -169.481   21.105   -3.834  150.885   29.084   63.943    4.632
55   41.972 -164.800  -24.836   -5.809  175.770   18.979  106.099    8.714
56   58.157 -178.158   21.478    5.289  166.213  -15.775   98.202  -10.018
57   50.984 -164.832   -4.124  -36.102 -176.829   17.965   93.550    3.646
58   58.559 -179.717  -17.088   10.144  178.911  -10.760   64.177    0.733
59   53.121  179.122  -28.703   15.338  168.387   -3.943   67.512   20.416
60   60.150  176.054  -19.106    5.337  177.428   10.226   86.689   -7.495
61   55.022 -175.982  -15.808    2.542 -173.370   -0.394   82.373   -9.696
62   58.053 -179.583  -18.833   16.260  162.467   -8.098   80.334   -6.946
63   69.042 -173.931  -28.219   -5.018  168.477    3.121   81.917   -9.965
64   67.476 -166.444    2.111  -16.591  154.957   11.940  104.054    5.875
65   53.298 -163.370  -11.835    2.535  152.317    1.986   63.296  -10.065
66   47.570 -177.208  -37.265   30.507  157.644   10.546   99.616  -26.232
67   60.944 -161.939   -8.747   -7.528  175.821   -2.475   92.071  -13.870
68   57.777 -166.153  -35.187   18.020  170.745   -3.451   76.162  -11.070
69   52.250 -164.348  -25.397   13.925  157.788   11.734   82.035   21.472
70   74.747 -176.042  -20.354    8.130  175.849   -6.326   95.947  -10.637
71   58.811 -175.186   23.883   -9.990  170.276    9.027   82.731   -0.650
72   45.052 -169.805  -32.903   34.647  172.430  -16.347   77.197    7.450
73   57.721 -166.095    9.534  -10.110  168.377    4.180  104.778  -17.665
74   57.183 -165.051   26.154  -17.603  164.732    2.136   79.679  -13.995
75   53.127 -179.002  -27.309    3.796  176.985    0.449   84.064    5.130
76   57.845 -178.858  -12.779   -5.645 -167.551    3.574   89.194   -9.662
77   50.009 -169.721    1.163  -24.523 -177.725   12.540   76.274    9.362
78   57.420  174.431   -2.743   -9.912 -174.994    0.011  106.775  -31.638
79   55.699 -166.716   29.570  -33.651  172.695   -0.034  164.283    0.566
80   71.868 -160.270  -40.706   24.428  171.543   -2.506   87.968  -17.871
81   54.261 -172.574  -15.398  -10.262 -174.201    4.041   80.549   -5.921
82   50.547 -172.348  -21.575    1.420 -170.721    5.934   80.133    5.435
83   62.995  179.906  -19.033   17.878  159.468  -12.732   85.695   -5.078
84   58.586 -157.415  -47.436    3.023  177.969   20.133  120.244  -37.884
85   43.647 -171.854    7.977   -1.672  172.397   17.714   94.424   -1.253
86   37.145 -178.009   -4.904  -12.753  177.535   10.270   81.719   -8.699
87   49.657 -172.764    2.293    5.859  170.166  -13.234   94.912   -5.982
88   57.292 -172.297  -36.407  -10.082  176.237    9.964   99.989  -12.284
89   72.080 -178.371  -14.219    1.606  168.818   10.479   85.581  -18.294
90   54.389 -170.975  -39.640   -5.559 -173.109    0.795   95.123   -5.939
91   49.791 -159.584  -12.343  -20.897  168.566   11.468   93.456  -10.716
92   64.720 -157.421  -27.783   -7.297  169.960   16.827  113.734  -26.130
93   57.222 -166.536  -37.884   18.613  171.170   -8.003   80.182   -6.075
94   50.417 -165.436  -21.103   -7.190  178.082   14.476   90.313    3.833
95   47.036 -171.026  -21.637    2.004  172.390    5.996   85.380  -22.175
96   51.956 -165.931  -27.143   12.843  179.310  -13.102   69.978   -9.765
97   52.691 -170.925   14.030  -24.845  163.981   20.076   88.948    5.141
98   49.798  179.717  -21.670  -15.428 -177.496   10.778   84.328   20.374
99   48.403 -179.426    4.879    5.973  167.377  -10.708   94.451   -7.056
100   53.762 -168.185  -19.053   10.997  168.193   23.979   96.622   -7.832
101   50.011 -168.959    1.458   -7.854  175.907  -18.043   85.147  -31.340
102   62.949 -164.230  -31.495    5.561  156.560   23.985  109.585   -7.535
103   49.477  172.031  -24.070    6.125  164.634   18.980  102.182  -11.644
104   61.835  164.761  -18.727   13.106  166.904    8.550  103.250  -18.480
105   49.468 -172.971  -18.868   10.168  154.585    7.616   76.252   -7.249
106   50.461 -172.274    7.972    1.050  163.185   -1.908   96.400    3.030
107   49.852  178.653   -2.284  -13.525  179.667    9.300   82.978    8.672
108   61.106  179.105  -35.089   25.729  163.803    2.218   79.652    1.688
109   59.301  179.894  -30.854   25.186  150.203   14.192   90.811    4.512
110   47.972 -179.528  -18.152    6.657  171.777   -3.544   90.990  -19.625
111   49.305 -179.078  -20.887   -0.366  178.463  -24.997   47.367    5.623
112   51.667 -172.348  -20.197  -14.731 -179.067   21.888   85.754   -4.524
113   49.431  174.865   28.868  -24.408  172.987   11.653   84.894   -4.504
114   46.269 -162.106  -50.850   12.363  160.938   16.972   88.495   10.007
115   44.389 -167.868    0.982    1.620  160.450    7.164   90.994    2.026
116   59.315 -168.362   12.550  -23.586  160.266   11.280   88.750    0.853
117   48.714 -163.775  -13.532    8.420  164.224   -6.941   97.980    2.577
118   70.246  179.357  -11.998   -3.109  163.559   16.640   99.091   -7.643
119   47.915 -169.343   -8.651    7.452  157.179    3.989   90.001  -10.628
120   44.350 -172.228   -3.794   13.855  165.729    8.142   91.078  -17.658
121   62.791 -172.789  -15.273   -5.641  169.913    9.815   76.888    7.422
122   49.565 -173.303   -8.672   17.062  140.880   10.040   92.103    9.294
123   48.971 -178.326   -7.306   -3.653  154.391   18.018   81.775  -14.726
124   65.295 -178.147  -19.975   15.707  172.957   -9.881   86.404  -11.048
125   39.690 -173.367  -15.345   -5.824  163.656   20.594   68.083    2.423
126   45.101 -172.788  -22.221   14.393  165.015    4.340   74.190    5.721
127   56.714  177.831   18.889   -3.025  173.698  -10.815   97.673   -7.201
128   53.708 -172.628  -21.670    7.473  175.527    4.280   79.926  -14.679
129   50.417 -179.238  -18.342   22.140  156.802   -7.441  106.850  -27.314
130   58.800 -176.987  -40.839   29.346  159.027   10.533   80.884   11.414
131   53.009 -161.530   -6.509  -10.633  174.914   16.186  106.376  -21.908
132   43.633  178.329   -2.608   -3.061  169.522    4.271  104.372  -11.884
133   48.903  165.389  -17.667   24.488  157.281   -4.090   74.605   10.263
134   50.512 -175.532  -34.610   22.565  146.489   -5.813  107.077  -13.570
135   57.078 -174.411  -28.699    1.769  145.174   20.219   88.169   -0.568
136   61.401 -171.408  -21.294   10.420  157.803   20.152   96.484  -13.347
137   74.257  176.821  -34.428   13.599  174.061    2.692   90.983   -6.197
138   64.045 -176.011  -24.261   21.202  153.484    4.082   74.384   -1.699
139   61.294 -178.888   18.653   -8.183  163.393   -0.833  108.594  -20.100
140   53.410 -156.059  -28.426   41.199  144.353   12.063   91.310  -18.081
141   55.506 -163.505  -27.069    7.802  170.355   -3.981   92.966    1.801
142   47.158 -175.155   -8.651   26.014  150.643   13.374   77.435   -5.738
143   54.091  175.419  -35.415    6.186  149.665   10.686  102.121  -14.004
144   45.355 -143.156   11.800    4.822  160.665   13.779   85.892   -9.798
145   53.833 -166.126    2.406    4.952  158.014   22.222  105.870  -13.348
146   64.550 -161.827  -19.751   29.057  163.123   -8.418   93.212  -24.156
147   66.402 -171.356   27.998   -7.493  163.999   -3.706  110.564   -6.364
148   58.486 -171.613   39.435   14.959  148.234  -13.297  103.611  -19.238
149   60.992 -176.508   36.686   12.748  153.259    0.541  100.809   -9.168
150   52.822 -178.465   31.379  -14.395  160.728   11.165  107.188  -25.346
151   51.420 -177.153   47.662   -2.152  151.041   16.809  115.266   -0.302
152   53.644 -160.497   25.311  -19.822 -175.623   -1.688   84.190  -21.289
153   60.176  175.909   32.682  -19.629  173.780   16.883   80.877    2.654
154   57.018   55.394   33.232  -10.505  164.236   -6.534   96.322    1.208
155   56.804   87.429   21.314  -12.369  166.072    2.452   94.347    5.200
156   61.100   66.208   32.453  -29.004 -177.291   23.481   70.448    5.101
157   57.806   55.766   44.871   20.260  173.391  -19.378   69.345   -3.270
158   52.568   55.660   25.230    6.585  151.782    9.866   98.548    4.969
159   53.190   46.561   12.547   -6.454  170.068    2.691  101.658  -16.043
160   56.051   50.465   23.669    3.338  172.468   -7.859   80.861    0.021
161   38.178   45.777   29.659    0.677  159.411  -15.818   74.659   -9.929
162   52.446   55.055   34.880  -13.454  151.892   32.487   87.501   -1.888
163   64.242   59.453   38.235    5.408  137.774   -5.772  117.610   11.533
164   58.888   60.603   35.797    1.488  146.591    1.903  122.737  -14.237
165   71.378   65.956   26.862    1.448  165.892    0.487   97.465  -25.517
166   60.745   73.838   27.610  -37.685  168.751    8.314   88.292    6.860
167   61.601   59.578   21.728    0.141  159.892   21.105   88.381  -11.719
168   58.770   71.412   31.832    4.632  167.140   -0.814  103.628   -5.405
169   63.592 -163.809   33.020   -0.107  154.973    7.474  105.278  -10.971
170   72.364  179.619   21.754  -18.219  170.034    0.476   88.917   -6.703
171   59.480  -50.469   19.703    3.047  149.464   -6.824   95.765    7.629
172   64.801  -69.899   23.056  -16.639  152.859   -1.834  102.683   -9.514
173   51.010  -52.913    9.234  -10.575  152.668   20.730   94.469    1.772
174   63.140  -64.154   29.838   -3.267  148.239    6.304   78.779    0.484
175   68.162  -70.621   26.519   -9.003  142.892    7.187  112.029   -9.933
176   73.757  -69.721   18.805   -9.627  167.522   -9.710   76.222   -2.288
177   66.956  -90.065   27.890    8.779  143.696    0.540   94.716    5.298
178   71.828  -59.609  -15.614   -2.321  157.875   17.471   87.676    7.097
179   69.562  -72.203   23.969    1.996  143.012    4.215  104.544  -16.262
180   62.248  -72.919   22.646   12.097  147.507    1.882   88.110    3.128
181   60.109  -64.281   18.228   -9.606  150.637    6.311  103.172   -9.772
182   73.179  -76.825   38.817   10.360  143.192    7.724  106.831  -14.432
183   60.344  -66.577   32.199   -1.427  154.284   -6.246   91.041  -13.578
184   75.804  -67.700   37.272    1.993  137.668    6.445  118.087   -8.124
185   60.423  -52.716   32.787   -5.698  168.981  -16.091  106.725  -23.455
186   55.208  -58.347   20.703    4.726  171.567  -27.133  -80.567    1.453
187   47.220  -55.919  -31.214    5.261 -163.355   -0.651  -89.381    7.782
188   59.270  -59.598   23.605    7.463  163.269  -12.172  -92.358   -9.180
189   60.518  -88.676  -19.116  -11.742  159.199   -5.821 -131.309   -8.543
190   55.654  -51.928   11.141  -13.167 -172.980   -1.760  -87.562    9.021
191   55.814  -45.595   25.171   -3.845 -172.897    1.644  -82.514    1.818
192   50.935  -50.742   54.793   -7.322  175.800   -7.579 -100.689  -13.036
193   54.286  -65.740   23.558   25.125  176.501  -15.635 -172.965    0.743
194   58.823  -57.123   63.994  -13.528  171.111  -14.462 -117.481  -14.742
195   65.471  -67.184   51.407   13.451  173.159    0.841 -111.108    8.935
196   58.176  -57.417   -0.557   -1.126  161.212    5.897  -82.181    6.084
197   60.821  -45.267   24.366  -18.368  170.371    3.725  -91.485   -1.602
198   60.489  -56.212   -3.286   15.220  177.777  -11.988 -111.767   -4.444
199   66.323  -64.748   40.149   -4.135  160.081    4.368  -78.069   -6.204
200   57.170  -57.077   -1.693    4.622  172.405   -3.437  -76.112    2.550
201   60.619  -44.427   18.601   17.429 -178.827  -17.789  -99.374    0.542
202   60.940  -61.650   22.712   -2.442  157.300    3.858   84.237  -11.272
203   63.125  -73.001   38.231  -13.027  169.933  -11.228 -176.797   16.350
204   68.215  -64.073   -5.314  -13.580  156.621   29.516   89.761    5.125
205   62.892  -53.706  -27.649  -19.271  154.731  -46.271   98.228   -0.727
206   71.402   59.712  -29.198  -40.670 -178.565  -33.803   90.297    0.255
207   52.374   64.491  -37.400  -16.455  137.835  -29.518   95.396    3.529
208   48.733   48.502    4.801   20.977  164.980   -7.106 -114.809   -4.064
209   72.548   49.408  -17.991   -0.192 -179.294    3.549  -83.150   -1.429
210   75.278   69.569  -49.048    9.964  178.359   15.023 -129.885   16.986
211   56.388   53.888  -34.135    6.150  172.969  -12.220 -115.934   -6.544
212   62.185   64.732  -22.169  -12.084  164.872   13.200  -97.762   -0.724
213   58.875   56.254   -0.073  -25.196 -166.109  -29.526  -95.866   -5.310
214   65.158   54.494  -33.091   24.923  174.716  -24.223 -120.445   10.576
215   74.855   72.417  -21.559    7.509  174.049  -17.919  -73.359    5.152
216   67.589   52.807  -13.226   -1.526 -172.522  -26.230 -112.852    4.335
217   56.533   52.764  -12.768    3.260 -175.148  -16.947  -62.733   -2.641
218   58.913   51.409  -30.631   10.431 -169.278   -6.146 -103.000    7.564
219   58.425   54.496  -38.035   25.791  170.745  -21.210 -102.701   13.729
220   62.049   61.592    9.120   -6.559  179.207   -2.280  -84.941   -3.536
221   65.759   62.438  -21.462  -11.994 -169.576   12.840  -87.705  -26.979
222   53.208   41.344  -23.394   23.165  177.071  -24.728 -132.578   -7.285
223   63.958   48.743  -27.127    5.904  166.797   16.050  -84.016   -2.031
224   65.869  -52.811  -15.562   -5.635  167.425    3.199   82.281   -0.031
225   59.554  -61.206    2.179    8.086  159.694    5.650   91.012  -15.958
226   51.276  -46.660  -11.708   -9.819  141.027   30.913   98.664   -3.137
227   62.224  -65.732  -15.034   12.494  141.486   25.991  118.589  -18.798
228   50.023  178.785   22.332   -9.409 -170.843  -15.064   78.992   -5.007
229   63.019 -174.758   23.558   31.297  160.877  -31.146   98.745  -24.086
230   71.702 -163.545   11.562   25.342  162.467   -6.647  104.855  -16.084
231   56.275 -169.678    2.816   -9.908 -179.642   16.935   89.383   -3.854
232   53.714 -176.294  -41.867   -7.230  168.888   17.139   82.828  -19.284
233   43.617 -165.268   12.723    6.693  146.800    5.459   84.825   13.062
234   54.962  179.383   -8.309    2.216  162.938    4.304   89.089    3.858
235   50.262 -166.866   -9.080   31.042  156.304   -1.719   99.555   -4.883
236   52.779 -168.664  -17.126   31.078  154.833  -17.646   81.781  -16.193
237   55.934 -163.902   14.451    1.108  168.025   16.024   78.105  -16.109
238   63.458 -161.586  -20.901    3.657  165.877    1.118   86.194   11.346
239   56.770 -161.918   16.242  -22.364  162.228   14.692   81.510    2.165
240   51.935  177.715   26.162   19.592  163.328   -7.116  100.104  -17.929
241   52.872 -170.936  -10.091   16.636  145.295   -4.229   95.151  -17.968
242   52.416 -161.787  -21.937   15.095  159.502  -24.561   80.044   -9.475
243   51.708  175.532   -3.878   23.391  139.983   -5.515   58.804  -11.356
244   56.997 -159.101  -19.407   20.599  157.641  -11.242   87.078   -0.067
245   57.405 -162.930  -20.076   43.370  160.819  -13.275   71.701   -1.392
246   52.089 -177.090  -13.001   17.335  171.772    3.266   72.568    7.245
247   69.672 -164.812   12.001   -8.729  167.868    3.097   85.383   16.486
248   68.166 -173.986  -15.987    1.485  176.490   12.657   80.583    2.661
249   70.269 -166.761  -31.134   27.431  144.149   -3.722   70.044   -4.301
250   55.660 -168.562  -24.895    8.188  158.041   17.083   86.235   -5.683
251   58.145 -171.154   -0.678   -4.859  158.770    7.455   65.870   15.999
252   68.264  178.941  -25.923   19.279  169.288   -8.196   68.011   12.211
253   62.419 -173.699  -14.962   15.271  160.077    5.095  102.259   -3.141
254   56.373 -165.558   -1.764   13.172  149.857   15.522   89.152   -0.284
255   54.370 -174.493    7.539    4.012  147.252    1.780  104.398  -16.930
256   48.624 -177.084   24.424    5.744  144.757   10.645   90.869    9.256
257   58.850 -166.156   -8.504    5.216  138.624    2.316   91.786   10.971
258   55.343 -171.301   30.874  -31.282  161.443   22.735   98.390  -11.910
259   65.605 -168.232   10.052    4.254  161.102   -4.156   90.680  -10.383
260   58.466 -158.302   -8.075   21.049  152.472  -18.487   89.298  -13.857
261   49.662  176.532   21.831    8.587  157.588    2.900   97.107  -11.173
262   51.839 -174.680    0.982  -10.918  168.398   20.033  100.916  -21.200
263   58.946 -168.485   10.164   10.302  157.170   -8.994  104.807    9.939
264   63.151 -168.999  -24.249   18.216  144.744    1.672   93.515  -13.630
265   36.900  178.451   25.339   24.625  156.199  -28.922   85.658  -13.885
266   54.566 -169.928   16.266   -0.312  166.040   -4.467  102.498   -1.924
267   54.601 -166.682   -8.923    2.718 -171.803    4.478   63.225   -2.039
268   48.787 -159.079   -7.851   11.727  143.527    0.502   99.493   -8.329
269   51.158 -175.559  -23.723    7.366  176.159   -4.443   75.527  -19.237
270   52.841 -165.023  -39.052   -3.850  166.173   20.152   92.665  -12.881
271   43.505 -172.246   12.132   -1.584  166.064   19.902  102.796   -8.508
272   58.492 -175.506  -28.941   15.126  174.021    9.572   85.704  -14.075
273   54.570  170.469   -8.163    4.810  167.468    9.477   92.063    7.739
274   58.342 -157.742  -15.120   22.772  153.521   16.192   74.632   -0.543
275   58.564  168.396  -28.160   22.713  146.097   -3.851  101.352   12.100
276   47.300 -152.443  -37.956   14.551  163.770    0.030   72.081   12.145
277   61.332 -174.173   17.903    6.367  156.263   -8.035   84.833    3.564
278   53.221 -175.480  -21.555   19.058  145.169   12.960   93.075    3.831
279   47.433 -166.984  -36.120   27.976  151.092    9.271   83.749   -2.180
280   59.252 -157.883  -16.372    3.883  173.759    5.234  143.582    9.616
281   51.225 -148.361   -2.299   11.352  173.221    3.236  107.216   -3.702
282   49.077 -157.736  -20.283   14.803  162.851   10.821  101.756  -19.915
283   49.706  178.770  -10.689   -2.583  163.748   -4.451   96.703  -15.758
284   64.234 -172.830  -12.134   35.211  156.076  -26.135   97.572  -18.191
285   52.341 -166.303  -22.055   29.346  173.070    0.586   76.381  -10.349
286   66.953 -164.996   20.882  -23.251  173.948   28.229   92.449   22.950
287   53.215 -161.771    7.533   11.123  150.512    0.926  123.494  -18.412
288   72.563 -159.446   19.439   -0.722  162.198  -11.849   95.266  -28.178
289   47.168 -166.577   16.905   -4.184  153.157   24.371   91.660   -8.145
290   64.813 -169.668   19.400   -2.263  162.690   -2.358   51.890   12.784
291   52.535 -179.956   -3.338   -6.492  145.570    3.855  140.295   26.099
292   59.693  175.664   15.982  -11.996 -178.581    9.575   99.021    5.404
293   55.654 -163.751  -26.773   13.747  149.376   -3.676   87.043    5.721
294   51.378  172.472   -8.886   -6.021  154.155    9.940   92.009   -3.346
295   67.064 -170.542  -18.507   17.063  158.604   -0.194   80.671   -0.526
296   52.776 -171.344   -2.122    4.300  162.599   -5.085   87.152   -9.529
297   61.464 -178.595   10.834   -3.031  165.824   16.113   90.675  -14.439
298   45.630  178.162   16.033   -1.821  166.629    6.015   63.956    9.927
299   61.250 -161.248  -20.224   26.850  165.938  -14.739   80.346    1.730
300   56.283 -149.882    0.528   -9.072  175.905   -4.497   70.510   -1.509
301   47.841 -147.527  -15.997    8.772  148.668    2.842   76.767   -2.662
302   54.992  -63.587  -12.476    8.067  155.782  -13.033   60.342    7.287
303   56.610  -71.826   18.440  -29.439  170.093   15.768   80.120    4.869
304   60.082  -52.292  -23.534    8.416  156.184   -6.096  101.790   -0.027
305   64.055  -53.456   -5.469    8.195  176.881   -7.615   83.656    3.205
306   57.526  -58.759  -37.582   35.944  135.614  -14.945   80.305    0.107
307   48.132  -51.468  -30.029   14.195  157.857   -2.633   75.843    1.910
308   54.176  -62.685    0.937  -30.169  170.824   18.781   86.972    0.428
309   60.579  -70.308   20.505   -9.972  168.844    4.442  106.741  -20.560
310   65.515  -56.689  -11.856    0.576  151.266    8.930   97.401    5.730
311   55.284  -60.430  -15.839   15.064  171.230   -5.333   81.434   -9.716
312   63.792  -62.556  -32.756    7.572 -169.676  -11.854   92.639   -9.012
313   65.362  -79.149  -10.953    4.890  164.286    2.389   90.446  -23.062
314   56.878  -51.765   -4.144  -12.809  175.667   -9.145   77.113   -9.209
315   55.351  -59.154  -24.014   20.706  173.323   -3.694   94.993  -17.535
316   57.439  -56.028   34.814    7.264  154.560  -12.720   78.010   -9.798
317   44.871  -59.427   -7.569   -5.443  162.037   -1.807   88.897  -19.484
318   60.650  -62.736  -24.831   20.209  153.694  -11.282   84.835   -9.009
319   62.131  -66.942  -20.889   -4.692  162.871   10.685   96.466  -13.375
320   48.514  -42.882  -30.117    4.795  167.605   12.319   97.289  -13.094
321   56.450  -61.595   23.226  -21.612  178.355   15.029   95.077   -5.152
322   63.341  -64.395   -8.309    3.787  160.292   -8.312   77.620   -1.184
323   52.671   49.134   -6.130   26.250  149.372   -7.823  105.919  -19.815
324   59.346  -62.677   15.709    5.325  162.619  -26.288   82.402  -10.301
325   57.953  -66.004   24.254  -12.844  162.115   -6.630  112.627  -24.226
326   67.014  -62.972   29.043  -25.505  162.531   14.742   78.648   -1.686
327   66.424  -66.467    8.008  -11.665  159.021    6.112   84.520    0.099
328   60.956  -55.766  -22.872    4.342  170.420   -9.895   85.626  -19.691
329   54.241 -151.297  -17.332   14.911  159.365   15.518   86.371   -2.986
330   57.872 -148.125   -5.089   17.129  159.062  -11.349   73.305   -5.300
331   59.918 -175.220   29.408   -4.219  159.452   11.194  103.238  -22.064
332   54.669 -174.386    4.153    4.250  156.645    2.909   95.488  -17.337
333   44.828 -161.012    9.580  -23.991  171.761   -4.830  107.681   -5.778
334   58.047 -165.705    2.003   22.897  143.099  -10.643   79.748   -6.138
335   58.543 -173.332  -13.441   11.953  162.250    9.395   85.463    0.158
336   52.794 -159.001   15.520   -6.234  146.602    4.124   94.830   19.917
337   60.189 -160.274   19.264  -18.101  165.917   -3.573   66.382  -19.701
338   62.682 -165.869  -32.513    7.426  154.470   20.616   91.162   -8.362
339   51.826  172.524   23.398   -6.708  153.994   13.558   99.905  -11.785
340   47.322 -173.997   -2.544   18.091  171.309  -15.270   66.896    4.047
341   62.441  -55.602   18.289  -11.233  156.971   -6.968  104.428   -4.179
342   62.240  -70.468   -9.165   53.120  158.596  -17.882   86.379    2.219
343   61.123  -58.240   12.406   -9.353  163.191   15.890   88.329   -1.794
344   58.671  -63.634  -15.300   18.664  138.802    6.585   90.904    2.357
345   53.581  -64.091    2.296    9.136  157.436   11.881   73.481   12.344
346   65.373  -61.074    7.371   25.981  140.348  -17.979   70.065    2.302
347   54.338 -174.749   23.963    1.248  172.588    5.622  104.140   -6.136
348   48.389  179.383   24.291   11.188  144.734  -10.408   81.152  -10.508
349   48.670 -156.807    6.991    6.016  176.338  -13.317   69.863   -1.204
350   65.667  179.184   30.602  -27.146  174.841   12.210  115.978   10.220
351   50.777  -52.272   18.400  -11.490 -174.515   -5.208   89.853  -18.796
352   60.942  -59.688  -28.140   11.602  148.550    8.122   87.339  -17.653
353   65.811  -64.309  -27.641   -8.949 -174.069    4.138   93.892  -20.382
354   71.045  -62.075  -27.151   22.874  164.405  -10.511   92.925  -12.681
355   64.627  -59.826   -8.086  -14.990  174.400   -2.656   87.936   -3.024
356   51.144  -57.482   26.156  -18.927  164.515   -4.177  103.574  -23.367
357   57.535  -59.182  -40.717    0.324  173.282    8.645   76.543    2.492
358   51.218  -53.755  -14.293   -6.339  169.150    6.473   83.524   13.725
359   60.260  -59.929    3.419  -18.099 -166.875  -13.450   91.956   -2.229
360   51.887  -56.328  -12.274   -3.124  163.351   12.039   85.562    4.710
361   60.861  -44.360  -17.255   -9.585  175.275    3.869   95.937    7.421
362   73.561  -73.097   -4.086   -1.819  178.717   -7.184   94.585   -3.250
363   53.217  -57.515  -18.655   13.063  164.682  -21.769   77.911   -2.304
364   69.494  -68.093   13.479   -0.326  166.955    4.537   91.969    2.245
365   53.088  -53.617  -31.366   -2.189  161.900   16.123  105.528  -15.876
366   59.241  -67.163  -19.188   13.449  176.280   -6.632  100.652   -5.253
367   68.485  -69.965   21.375   24.558  160.216  -19.888   91.207  -12.273
368   58.351  -59.187  -12.823   17.148  154.669   -7.282   79.279   -0.239
369   58.111  -66.623   -9.381   11.948  127.144   20.893   97.471   -0.447
370   62.526  -55.974   14.935   -3.636 -179.165  -14.194   67.798   -2.465
371   51.572  -58.286  -16.391   -5.528  162.946   11.887  107.632   -8.444
372   56.234  -52.707   -7.211   -3.411  161.305   12.059   91.298   -2.053
373   62.953  -69.579   -4.226    2.267  150.135   -6.337   83.244   14.535
374   61.332  -63.994   13.010   -2.690  154.018    9.902   97.604  -14.197
375   61.501  -59.262    8.057   -8.130 -179.923   10.976   87.906  -14.037
376   53.990  -58.707  -24.945   -6.763  172.791   35.061   79.100    9.870
377   58.560  -60.366  -11.037   -9.822  163.205    9.812  112.491  -19.927
378   68.103  -63.926   -5.474   13.621  152.222   -6.049   93.810  -18.395
379   56.135  -65.890  -14.254   21.578  144.416    6.040   99.852  -15.604
380   60.536  -62.353  -32.625   21.571  151.129    8.258  110.343    3.375
381   56.408  -52.842  -18.767    0.934  161.056    2.256   78.978  -10.192
382   57.936  -56.315   14.959   23.490  136.052    2.615  108.061   21.109
383   59.661  -56.004  -44.891   14.342  158.011   17.401   88.561   -4.165
384   59.810  -47.418  -12.421   19.335  149.783   -9.187  105.594   -8.097
385   69.149  -54.128   -5.755   10.801  158.142    2.177   86.754   -5.983
386   55.246  -57.855  -16.790   31.925  145.515   -2.302   79.816  -20.703
387   59.623  -70.896  -22.844   34.704  161.853   -8.713   96.874  -15.516
388   67.616  -62.835   -1.684   16.289  162.418    0.081  105.418   -2.487
389   65.826  -61.288  -14.796   17.427 -176.461  -38.677   56.055  -10.011
390   64.283  -58.770  -30.671   17.630  165.807   10.931   78.357  -14.383
391   58.760  -53.643  -31.408    9.531  159.090   18.473   81.718   12.306
392   57.037  -62.957   -3.430   18.921  140.205    9.458   86.575   -5.248
393   54.850  -54.399  -45.373   12.138  169.082   15.244   68.374    4.408
394   53.245  -63.196  -28.393   15.194  164.694  -14.530   99.283  -31.380
395   53.864  -52.596  -52.698    0.437  168.459   12.470  152.450   14.138
396   58.228  -63.064   15.606  -24.370  170.490   12.886   87.219   -9.951
397   58.166  -51.733   18.997    3.000  170.985  -10.319   65.005  -10.508
398   53.888  -64.036  -28.763   -2.398 -174.138  -10.228  110.750  -20.910
399   64.854  -48.888  -15.331   -4.873  176.900    6.853   72.932   10.662
400   65.208  -39.780  -12.272    4.046  160.544   -5.096   57.305   11.427
401   54.591  -57.469  -27.095   12.761  165.435   -7.974   91.117    2.146
402   55.205  -61.057  -16.643   20.306  156.008   -6.114   87.830  -17.306
403   58.435  -53.666  -42.564    8.855  165.217   11.769   71.428    9.668
404   58.105  -69.761   -0.783   -9.842  153.275   17.591   97.871   -8.565
405   58.958  -60.876   22.866  -20.192  165.740   21.465   97.216   14.423
406   64.178  -48.470  -29.039   -4.379  156.406   25.490   88.678    0.223
407   64.566  -56.746  -21.233   -0.491  155.140   27.900  105.088    0.800
408   53.065  -53.616  -20.390    0.504  176.018  -10.452   98.811  -13.549
409   54.068  -51.149  -31.391   -5.393  163.436   20.589   90.729   -3.319
410   49.770   40.648  -35.410   37.986  162.038  -11.771   80.760   -0.516
411   57.644   52.676  -17.760   -0.961  155.713   12.812  111.531   -3.192
412   55.951   58.631   -2.188   -1.545  156.515  -13.379   87.753  -12.626
413   60.111   58.858  -31.045   13.458  175.133   -6.577   80.274    8.241
414   60.107   60.296   42.231  -15.226  179.770  -11.978   76.618   -2.036
415   57.629  -60.166  -40.535   11.791  170.019    2.676   90.809  -17.619
416   57.196  -60.550  -25.032   21.481  156.750   -4.015  107.144  -11.367
417   62.827  -65.848  -10.442   11.913  143.812    7.453   94.016    1.146
418   51.406  -65.792  -21.646   17.377 -168.155   -9.334   97.812    1.100
419   56.261  -65.448   -8.181   -3.060  150.737   19.959   97.212   11.934
420   58.674  -57.803   23.121   -7.604  140.614   22.327  109.724  -11.469
421   42.512  -51.185   18.752  -18.862  154.112    6.930  105.379   -4.767
422   65.016  -62.752   35.493  -10.664  140.988   30.518  104.225   -4.812
423   62.028  -75.463   20.765   -0.902  160.978    2.779   67.746  -15.855
424   58.507   65.321  -17.405  -14.017  166.864   30.174   95.519  -11.953
425   47.203   57.463  -22.162   13.648  149.671   10.315   91.343   -4.049
426   70.744   65.385  -31.088    7.331  162.474   17.711   91.458   -1.710
427   59.531   11.608    0.490   14.989  134.930   20.058  107.516    1.042
428   61.254   63.545  -15.959   -8.900  177.340   11.653   88.752   -8.709
429   58.052   43.007  -18.426   17.103  157.847   -5.059   77.047   -3.325
430   63.038   62.910  -31.394   -1.545  161.274   20.141   96.568    2.409
431   43.783   52.228  -23.469    6.730  167.122   -0.079   96.656   -1.010
432   49.515   40.800  -16.853   -7.293  165.220    8.107  117.311  -14.666
433   51.554  -62.656   -5.212  -11.261  165.605    6.970  107.179    9.563
434   50.365  -43.037  -27.890    6.190  163.017    9.788   92.249    1.423
435   56.171  -54.776   -2.343    6.365  162.400    4.317   99.742   -4.389
436   58.322  -64.674  -32.855   14.530  150.149   19.481   76.893   -7.334
437   62.274  -54.686  -24.463   12.483  135.229   17.889  128.073  -11.619
438   66.192  -61.890  -32.793   24.457  143.284    8.995   88.583   -8.918
439   63.422   39.482  -29.213    7.431  165.981   17.781   91.504   -7.540
440   69.264  -73.123  -15.210    5.764  155.407    8.581   91.643  -15.755
441   68.548  -64.227    4.350    2.648  143.907    9.839  104.441    2.427
442   61.555 -170.455    5.056   14.726  146.382   15.218   82.880  -14.797
443   45.406 -168.759  -18.172   17.030  150.138   19.411  108.469   -6.386
444   57.153 -172.157   37.482   -8.523  164.379   10.444   74.508   -5.453
445   52.775 -172.751   16.127  -24.149  176.321   18.774   87.945   -3.023
446   50.610 -166.587   20.895  -12.966  176.637   12.323   93.860   -3.264
447   70.927 -177.863  -19.123   16.136  170.001   15.991   78.190  -23.619
448   50.318  178.857   23.996    4.491  173.257   -1.890  102.927   -7.635
449   60.218  173.559  -40.343   10.209  174.377   20.504   90.178   -9.199
450   53.304 -161.196  -17.386    9.390  170.249   16.623   81.453   -0.407
451   55.983  177.029  -21.959    5.624  154.109   17.471   94.304    6.843
452   51.229 -172.392  -15.087   37.652  150.712    6.243   79.157   -9.774
453   49.412 -158.858  -22.938   23.791  160.738    4.727   84.657   10.304
454   65.607 -155.269  -21.344   -2.438  171.036   11.741   86.086  -18.352
455   55.941 -173.418  -19.305   10.645  163.767   -4.978  102.757  -10.219
456   54.301 -166.198   -0.661   17.107  160.549    5.711   93.805    8.373
457   65.595 -164.494  -27.736   14.096  151.133   14.401   81.552    3.838
458   53.562  176.208  -30.417   12.795  142.768    8.705  106.192   -8.954
459   56.707  178.676  -38.059   18.756  157.187   19.947  103.661    3.671
460   64.055 -178.995   -1.960   -7.070  145.999   23.514   95.413  -11.841
461   58.496 -165.540  -43.306   24.500 -169.918  -16.378   82.514   -5.195
462   68.092 -164.710   -3.753   10.977  148.326   15.455   86.546  -13.083
463   55.585  171.995  -29.662   22.684  155.079   10.971   85.892   -7.616
464   69.040  177.956  -29.165   13.609  163.630   -0.641   99.209   -0.633
465   47.130  172.039  -22.075   21.601  174.123    0.549  100.934  -14.689
466   55.986 -167.873  -32.810   28.717  160.644  -17.572   75.308    4.008
467   61.779  176.630  -18.955   -1.610 -177.344   -5.412   67.605  -20.795
468   55.008 -176.081  -13.583   -2.294  145.624   11.798  117.440    1.438
469   60.989 -155.507  -35.816   42.016  150.321   -8.009   60.058   -0.051
470   51.712 -160.833   27.150    1.668  178.194   -0.962   92.231   -3.050
471   52.691 -169.932  -40.411   12.535  165.808    3.182   81.442   -8.463
472   52.772  171.428  -23.467   20.437  158.439   13.055  103.922   -7.347
473   52.636 -164.012   43.895  -12.748  175.568  -13.733   67.716  -21.729
474   49.295 -155.869  -28.640   12.048  169.353    9.639   82.784   -5.320
475   49.805 -162.555  -14.975   11.039  151.755   37.222  109.080  -11.236
476   57.408 -172.881   20.141  -16.932  157.409   21.261   92.934  -11.939
477   57.072 -179.822   13.535   -4.743  174.913   14.594   69.107    6.870
478   58.269  165.229  -10.582  -20.992 -173.935   29.023   79.540    0.140
479   64.673 -167.874   15.988   -6.155  153.742   20.851   97.930   -9.499
480   77.194 -173.122  -13.892   -0.201  155.806    7.429   82.583  -12.025
481   56.100 -167.944   34.807   -5.774  173.030   11.553   82.602    2.283
482   62.828 -168.131   22.341   -4.794  164.916   -0.401  107.163   -5.133
483   60.284  -54.847  -31.477   10.595  152.626   11.895   93.488   13.644
484   54.101 -158.856   15.469    8.988  164.521  -14.751  159.276    1.206
485   60.077  -44.498   -0.088   10.052  152.675    1.855   80.249    5.867
486   65.580  -70.534  -21.367   17.756  152.124   -5.343   91.935  -19.675
487   68.294  -74.959  -17.155    6.714  156.411   22.694   92.502   -7.785
488   65.007  -70.302  -23.650   -3.876  159.071   23.349   82.657   -6.455
489   56.484 -168.065   18.167   -1.379  166.158    4.313   89.652    5.482
490   66.349 -175.108   17.341  -10.053  143.848   23.869   97.764    7.640
491   49.684  -68.061  -34.184   18.392  165.583   -4.704   79.603   -2.792
492   60.092  -65.372  -43.034   30.772  175.522   -6.991  112.000  -10.818
493   56.530  -54.064  -28.691    8.229  162.448   11.102  106.470    0.687
494   55.772  -57.552  -28.160   -9.197  168.482    6.564   95.313    5.192
495   60.497  -67.404  -16.684    5.515 -179.391    9.285   98.947  -31.638
496   54.668  -58.709  -27.719   17.022  169.250   -7.254   84.740   -6.225
497   56.108  -44.807  -31.268   18.603  171.072   -5.742   78.059   -4.692
498   66.484  -58.370  -26.860   -8.884  169.056   23.430  100.967  -10.068
499   54.848  -57.516  -16.334    6.396  154.884    4.565   94.010   -4.472
500   53.979  -54.839   -0.067   -6.364  155.661   17.453   92.885   19.850
501   64.661  -75.760   -8.500  -11.616  161.980   16.509   93.188   -6.060
502   62.550  -57.035  -15.596    5.674  163.151    7.908  100.622   -5.563
503   49.725  -55.460  -31.138   11.408  153.182   20.202   71.464    8.678
504   59.475  -62.514  -18.677    0.982  154.168    3.383   97.007    1.409
505   52.237 -146.234  -18.142   14.540  159.687   10.645  117.235  -16.188
506   56.167 -147.548    2.719  -14.968  147.549   30.967   89.240    6.079
507   59.545  -64.933  -16.744    2.042  162.473   15.888   89.141   -2.848
508   56.450  -71.134   -9.093  -10.544  177.188    1.565   82.838    1.225
509   42.531 -162.350   20.654    9.137  169.534   -8.529   88.965    1.258
510   58.545 -161.796    7.062   -6.188  155.102   11.693  105.495  -11.210
511   47.718 -159.009   37.389   -3.589  144.411   22.505  114.274   -7.768
512   56.647  -53.522   -6.987   15.084  147.502    4.731  110.066   -7.089
513   52.464  -47.220  -13.133   -5.378  157.488    4.109   88.388   -3.947
514   60.876  -83.431  -12.677    6.875  175.686    2.705  110.944  -20.635
515   69.191  -62.650  -10.140   19.941  150.839   -6.298   89.644    6.985
516   60.627  -57.161  -22.214  -13.274  165.382   13.949  102.967    6.365
517   66.750  -58.704  -23.734   -4.256  154.637   25.170   84.130    2.728
518   66.693  -55.962   -6.280   18.509  171.471  -15.205  104.241  -19.786
519   48.283  -59.215   -5.531  -12.312  164.203   15.715  106.873  -10.053
520   55.487  -58.059  -26.362   20.888  148.555   15.795   92.710  -17.514
521   50.225 -122.668  -14.113    8.400  164.485   11.705   87.569   -2.860
522   55.702  -60.466   -9.724   -4.977  169.263   13.954   79.697   12.909
523   73.802  -65.024  -27.092   25.233  141.080   16.879   96.859  -15.724
524   59.926  -61.350  -15.434    6.184  144.756   13.180   85.539    8.588
525   60.881  -61.586  -12.080   -7.300  158.564   25.268   79.261    1.838
526   60.812  -60.291  -30.206    3.956  163.959   11.974   68.029   15.702
527   64.078  -64.327  -24.207   11.442  179.062    8.663   99.030  -17.811
528   58.634  -66.099    5.626   -1.180  157.897    7.278   73.211   15.670
529   53.263  -54.408  -14.874    0.253  162.050   17.042   93.123  -17.823
530   59.976  -62.740   16.675   11.609  160.628    2.078   89.720   -4.470
531   51.825  -62.081  -20.170   18.481  159.957   -9.601  119.045   -0.632
532   64.965  -70.482   32.891   -3.038  163.281   -8.400   92.322   -1.358
533   60.131  -57.131   -3.385   10.018  141.027   16.897  101.660    6.655
534   60.448  -68.583   30.032  -11.054  153.248   12.541   93.147   -0.102
535   64.086  -66.105   12.235   10.071  173.680   -0.316   99.325   -9.666
536   56.658  -57.673  -11.773   29.683  157.916   -4.020   86.925  -10.456
537   52.024  -59.905   29.002   -9.149  171.443  -18.633  103.642   -9.012
538   42.031  -48.902   33.632    7.332  162.264   -4.567  105.862   -4.961
539   56.290  -62.751   26.044   -5.636  156.043   18.101  109.381  -18.324
540   66.128   60.062   26.737    8.889  176.527  -14.783   92.435   -9.906
541   55.619   65.985  -18.577    5.137  172.905    4.345   77.287  -17.456
542   60.187   41.045   47.326  -18.485  148.008   14.346  111.195    4.686
543   46.864   64.278   23.586  -22.552  169.430   22.094   91.834   -5.764
544   71.277   73.730   28.452   -8.255  150.389    3.257  113.370   -5.623
545   48.163   55.779   24.489    2.594  160.540   13.145   98.710   10.206
546   72.703   73.806   26.542  -10.666  171.984   13.470  102.780  -15.058
547   58.379   54.823   23.097   -9.283  154.602   14.091  103.305   -2.190
548   59.564   66.990   16.355    6.064  164.769   -9.584   84.250  -19.782
549   71.536   67.448    4.022  -21.786 -178.165   11.245  103.383    9.615
550   74.235   61.182  -33.261   17.748  152.069   16.452   75.125   23.609
551   56.935   65.607   11.993   25.866  175.814  -15.111   72.855   -2.523
552   62.072   60.132   39.172    4.010  161.748   -0.782   77.651   10.803
553   74.819   65.512   28.596  -18.550 -176.360   16.020   91.832    2.101
554   73.885   57.002   57.000  -14.511  170.749    9.060   79.121  -22.319
555   70.327   60.049   26.724  -23.626  164.830    9.889  112.991   -9.273
556   41.303   50.342   29.247  -23.127 -175.182   20.226  102.962  -21.378
557   69.665   62.941   13.563   -0.406  162.577  -15.141   63.178    8.988
558   69.423   38.545   19.690   21.733  167.993  -19.919  106.613   -4.415
559   70.270   53.040   10.055   21.584  174.513   -0.335   89.552   -7.663
560   61.787   57.494   19.960   -4.194  170.333    7.038   97.610  -13.599
561   53.618  -69.029  -12.197  -20.491  158.634   20.112   83.222    3.750
562   48.769  -45.394   19.008   10.759  162.730   -1.755   97.574  -21.547
563   52.932  -56.474   26.361   -3.479  139.470   24.394  104.202   -6.269
564   59.208  -56.527    2.409    4.466  162.627    9.563  108.295   -5.064
565   60.913  -50.307   10.298   -7.735  163.247    8.122   94.878  -14.099
566   49.510   50.977  -27.326  -26.605  175.539   29.615   91.565  -13.556
567   57.497  -59.502  -17.929   23.995  148.801    3.194  103.862  -16.727
568   69.612  -62.790   24.588    2.162  149.327   11.736   96.248   -8.922
569   64.438   57.599    1.165   12.442  174.516   13.647   75.972   -2.581
570   59.873   52.364  -30.514   11.615  161.188    6.147  102.148  -14.311
571   75.615  -67.021   17.189   -2.433  153.907    8.895  103.780  -10.888
572   63.935  -71.702   13.128   33.392  142.139    7.115  103.485   -7.860
573   64.173 -170.868   22.003   -7.297  165.168    1.321  106.350    9.284
574   49.022 -160.567   -4.130    8.549  158.297    3.295   86.587  -22.187
575   53.889  -60.836   35.632    3.814  152.731   -3.247  105.310  -17.536
576   56.790  -58.108   17.918   -5.180  164.192   -8.733  117.190   -8.279
577   60.454  -64.651   39.319   -2.126  155.360   10.093  120.801    8.353
578   59.645  -65.319   18.581   -1.858 -173.376    6.737   77.486    0.817
579   66.566  -56.410   17.800   12.068  165.077   -6.857   82.300   20.135
580   70.469  -52.780   18.245  -18.066  155.227   19.729  106.924  -13.146
581   58.962  -71.440   17.607    2.415  140.348    3.989  114.325    6.704
582   56.230  -62.774   27.739   -5.279  154.520    4.018  110.497   -9.838
583   65.140  -57.820    7.635   10.256 -178.759   -6.186  104.881  -22.403
584   56.927  -62.401   22.941    0.025  161.219    1.435   90.317  -10.122
585   60.871  -58.617   34.653    7.418  161.157  -23.858   85.688    1.572
586   63.107  -65.195   11.596   -1.619  153.015   17.117   85.205   -0.490
587   68.812  -67.835   27.727  -17.453  150.666    5.040  107.986   -5.649
588   57.562  -63.062   10.077   -2.387  161.924   12.559   86.624    4.940
589   56.841  -58.305   36.491   -3.284  171.724    2.212   72.200    6.209
590   56.245  -55.555    9.859   -8.732 -178.777   -2.134   88.517    0.515
591   72.100  -55.759   22.575    5.061  173.780  -38.358   80.072   -5.153
592   50.431  -41.002   11.286  -45.623  163.562   15.796   93.316    8.100
593   71.865  -60.991   16.835  -32.666  179.757    7.510   73.338   -1.374
594   58.689  -51.989   21.438  -11.221  174.915   -0.256   91.213  -18.195
595   74.008  -71.406   42.182  -11.948  159.064   -0.281   71.503    8.561
596   49.669  -52.367   31.886    3.317  139.143    1.637   96.598   -0.763
597   68.359  -76.563   34.646   -8.612  156.826   13.605   74.584   11.055
598   64.336  -64.768   36.360    2.111  163.907  -10.260   95.661    2.091
599   60.182  -55.326   18.297  -12.917  163.037    5.104   96.318   -4.198
600   63.803  -57.415   16.979   -8.639  167.515    5.756   95.627   -9.943
601   49.338  -50.666   35.292  -30.608  177.782    8.268  106.365  -15.491
602   54.636  -45.410    0.369  -12.219  174.233   10.636   80.281   11.234
603   57.658  -53.925    0.462   16.782  155.031  -19.978   74.857    3.808
604   55.957  -70.471   35.227  -30.441  176.127   -8.294   81.145   -5.846
605   68.879  -51.485   10.411  -14.687  152.713    7.748  104.091  -10.064
606   56.914  -54.032   26.541  -15.821 -173.036   -4.581   81.032   -4.185
607   57.498  -51.838   16.291    1.061 -178.062    0.239   92.373   -1.881
608   60.425  -65.605   24.822  -30.984  172.699   22.182   70.577   12.730
609   60.404  -66.613   23.430  -14.481  178.874    4.793   73.027    3.133
610   51.952  -51.410   10.186   -5.113  151.830   17.209   84.588   -3.394
611   60.983  -65.687   28.751    2.784  173.652  -17.632   76.964   13.719
612   55.414  -60.255   18.783  -12.988  147.644   16.540   91.333    0.107
613   50.660  -49.501   -5.292   22.766  162.224    1.985   68.515    4.946
614   63.558  -63.983   23.264    3.153  170.256   -2.781  107.846   -1.267
615   56.730  -66.418   30.942  -17.617  177.109   12.760   89.247    3.342
616   59.639  -54.269  -27.713   -3.895  152.912   25.283   77.414   18.466
617   61.181  -51.882   -1.544  -12.878  150.620   17.843   89.542    3.591
618   62.812  -71.313   37.175  -24.357  174.878    4.815   79.837   15.092
619   56.617  -53.565   32.090  -19.821  155.226   14.574  103.754    0.705
620   65.983  -72.195   33.719   -3.890 -178.578  -27.387   87.827   -7.470
621   66.423  -63.566   42.939  -22.936  166.697   24.221   81.631  -14.686
622   54.850  -49.644   15.654    5.964  151.413   10.871   87.670   10.001
623   70.586  -64.855   32.153  -24.905  165.617   15.829   81.724   -9.395
624   60.735  -60.480   34.971   -5.291  167.235   10.821  108.593  -16.231
625   52.999  -50.625   27.888  -31.688  156.474   27.113   61.722   13.190
626   55.684  -69.714   21.095  -13.372  167.624   -1.744  105.418   -5.229
627   54.193  -44.903   18.195    2.960  153.697   -5.277   95.236  -16.663
628   59.267  -63.616   38.478  -15.828 -171.630  -18.718   96.941  -16.074
629   61.313  -70.452   26.309   10.496  166.748   -8.811   85.496  -27.231
630   63.600  -72.045   36.743   15.075  164.104  -17.072   85.194    3.013
631   61.091  -68.071   40.893  -10.990  163.680    7.862   82.724    5.241
632   66.420  -56.685   16.748  -15.905 -168.107   -3.669   91.579  -16.019
633   48.048  -57.706   13.058    9.453  153.395    2.905  105.625   -8.996
634   61.683  -60.163   24.598  -20.601  169.795   11.699   94.080   -6.186
635   50.944  -48.842   22.675  -17.730  161.180    5.113  105.602    6.943
636   66.266  -70.161   34.927    3.412  161.505   -3.220  103.791  -10.558
637   70.929  -80.587   26.047   17.191  161.218  -13.104   76.657    0.981
638   61.549  -59.164   29.056  -11.572  172.201    4.894   79.801   -9.009
639   65.029  -57.926   27.667  -24.164  166.955   14.908  103.990   -0.990
640   60.366  -58.623   30.537  -25.775  166.283   10.797   82.318  -16.797
641   62.060  -69.902   35.820    6.149  174.684   -9.595   80.450   -3.520
642   58.620  -56.966   21.626    7.598  177.108  -14.016   75.577   11.779
643   61.657  -68.013   21.372   -5.969  158.372    6.744  107.795   -1.284
644   55.185  -44.357   -1.374  -12.497 -177.403   -5.079   75.608   15.059
645   67.296  -59.898   37.559  -27.478  165.254   17.927   82.034   -6.410
646   60.915  -65.430   34.076   -6.191  161.279  -10.839   97.182  -17.944
647   62.102   75.432   22.896   -9.443  151.909   -5.897   71.767    5.822
648   69.013   58.872  -18.312  -13.392  161.284   23.024   94.570   -5.044
649   49.545   82.269    6.406   -7.778 -178.413   -5.381   69.173   -2.053
650   59.298   59.596   -5.239    3.990  170.249   10.822   80.567    5.168
651   56.881   64.697   25.074   -9.360  161.100   -0.436   92.086    2.389
652   59.362   59.504   18.126  -29.819  174.815   18.809   90.380   -7.751
653   73.215   55.233   15.203   -4.946  161.047   12.883   85.302   -8.003
654   52.619   49.763   35.010   -7.738  158.274    6.006   94.556  -25.342
655   68.379  -78.618   35.653    7.567  160.176   -8.187   88.932   -8.361
656   63.820  -60.702   40.289   -9.152  162.421   -7.020   94.844   -7.991
657   56.506  -63.562   24.935   -5.148  179.826    2.264  110.776  -15.410
658   81.011  -70.152   25.905   -6.675  166.914   -0.286   94.007  -18.045
659   54.386  -48.921   17.887    2.878  160.508    3.946   77.380  -12.720
660   68.650  -56.308   26.764  -14.085  159.522    5.811  103.055   -7.365
661   56.972  -46.720   15.139   25.802  169.261  -27.099   84.757   -3.259
662   51.807  -63.087   27.757  -17.368  163.486   10.574  103.794    0.679
663   69.089   57.570   26.936   -8.808  157.429   10.317   82.906  -13.711
664   61.793  -65.620   23.171   -0.826 -178.396   -1.823   98.687  -10.359
665   62.342  -61.583   18.550   -6.498 -176.755    0.645   95.702    3.681
666   60.362  -52.639   15.058   -2.725  162.789    1.369   89.602   -4.943
667   58.016  -64.922   34.919   -4.948  161.815    7.732   95.379   -5.090
668   48.570  -62.781   26.832   -6.226  176.318   -2.924   75.442   12.623
669   59.676  -58.545  -19.395    8.157  168.224    6.009   82.233  -13.258
670   60.591  -57.691  -14.001    5.008  158.904   -6.796   86.182  -14.806
671   58.652  -54.539  -29.126    7.969  156.000   20.773   75.541    1.812
672   54.283  -62.299   31.159   15.568 -179.840   -6.373   66.106  -16.298
673   65.337  -42.169   17.020   20.281  160.262   -2.129   97.014  -18.626
674   57.479  -55.092   29.930  -15.051 -177.808    3.282   81.853   -9.801
675   55.821  -59.701   20.396  -17.920  156.897   24.959   91.007    7.594
676   61.461  -57.154   49.620   -2.949  160.117   10.204   90.585   -9.556
677   51.885  -58.126    5.950  -17.142  178.634   15.182   93.169  -15.950
678   60.971  -40.847   40.897  -11.494  159.093   -2.471   90.997  -15.534
679   52.821  -68.905  -20.546   15.582  153.685   -0.608   79.278  -11.810
680   52.164 -169.743   33.772  -16.125  175.480   11.381   94.404  -12.752
681   50.902 -175.077   22.726  -23.500  162.814  -11.896   97.426  -16.768
682   67.403 -156.884   19.937  -12.961  167.478  -15.282   85.968   -0.442
683   55.771  167.526   43.305   -8.085 -166.839  -15.003   77.560  -26.908
684   61.140 -175.228   -9.463  -15.577  171.925    8.126   97.402   -1.189
685   78.753   57.672  -14.306   10.067  172.482  -16.734   93.232  -19.736
686   64.897  -68.502   -9.394   -9.025  166.835   17.880   93.350  -25.142
687   53.842  -59.644  -39.183   10.911  160.404   16.693   80.543   12.977
688   55.405  -62.859   -2.811    1.597  141.336   12.386  118.942   -1.377
689   51.893  -57.269  -19.945    6.799  174.426    2.968   98.806   13.150
690   63.361 -113.381   -5.954  -18.445  159.439   39.530  104.864   -1.705
691   59.666  -53.878  -29.096   -0.112  157.833   30.942  122.977   -4.380
692   51.998  -51.016  -31.332    9.640  160.550    7.943   88.017    0.171
693   53.770  -63.812  -29.135   15.059  168.218   -6.209  108.561  -12.621
694   59.633  -60.564  -13.152   12.448  172.744   -9.733   82.785  -10.487
695   59.559   61.557  -14.211    3.915  153.291   14.302  106.075  -13.119
696   61.316 -177.188   -8.244    9.057  172.897  -11.289   78.370    7.439
697   63.286 -147.130   20.183    5.044  158.418  -17.782   77.014    2.368
698   66.222 -169.775    2.009   -6.564  173.476    5.461  108.508   -4.577
699   50.137 -172.278   18.892    5.518  160.395   11.017   94.418    2.161
700   54.495  170.339   19.852    0.611  169.928    8.811   81.856   -4.853
701   61.706 -161.047  -11.378   10.890 -168.212  -10.427   80.680    3.508
702   59.560  -52.707  -22.193   -0.953  157.663   18.310  122.258  -12.054
703   54.543  -55.316  -23.535  -11.648  157.824   24.778   89.842   11.922
704   58.385  -52.805  -20.275   -6.886  149.411   18.365  102.121   -6.590
705   59.125  177.296    3.291   10.161  160.184   -0.761   86.580   -1.796
706   66.721  -68.493   -2.423  -16.855  157.537   16.781   99.489    1.881
707   54.875  -65.580  -28.921    7.747  168.683    3.961  148.446    2.217
708   63.567  -58.539  -13.399  -16.608  177.004   11.216  107.742   -6.948
709   65.039  -58.981  -22.364   17.239  169.295  -19.457   63.353    5.489
710   54.693  -48.057    3.609   -0.677  165.078    7.579   98.789   -5.511
711   45.805  -53.764  -12.691    7.327  161.560    2.336  102.843    1.134
712   51.969  -48.791   16.562   -4.424  165.388   23.173   97.667   -0.303
713   51.514 -148.028    1.852    3.442  167.745   -9.340   86.622  -13.928
714   59.422  -35.914   10.708  -12.347  169.336   12.790  116.675   -1.353
715   58.391  -71.786  -28.596    8.753  142.641   -7.377   98.767  -11.459
716   65.750  -56.254  -39.933  -14.031  165.963   21.482  107.732   -2.248
717   69.263  -60.677    7.942   14.842  145.523    2.838   91.919    1.759
718   55.866  -56.058  -14.714    4.610  160.523    6.649   95.094   -6.068
719   42.570  -64.601  -34.450    4.929  147.518   21.546   84.158    8.386
720   58.574  -53.863   21.885  -30.232  167.967    5.779  112.467  -16.149
721   59.576  -62.310   -5.850  -11.982  157.573   42.147  115.624    1.148
722   73.232  -60.499  -22.964   29.589  142.637   -0.624   87.453    0.877
723   56.560  -50.366  -19.055   -8.196  156.047   28.501   97.480   -7.903
724   60.257  -65.632  -34.388   18.337  154.704   -7.451  136.213   -2.610
725   53.879  -51.396    8.766   11.223  151.725   13.547  109.221   -0.596
726   64.540  -64.423    9.190   -0.512  171.128   -8.174   83.580   -3.530
727   59.001  -62.850   -9.209    3.780  169.503   -1.010   82.702    3.807
728   60.350  -62.864  -29.504   34.057  144.207   18.038   74.826   -5.758
729   62.503  -62.490  -18.243    9.122  165.048    7.314  100.848  -10.915
730   49.541  -41.435   -2.613   -8.383 -178.182    6.629   96.356  -16.094
731   55.802  -48.908  -29.178    5.893  150.105   11.389   93.135    6.658
732   50.828 -149.983  -37.659   27.818  154.306   25.506  103.697    6.692
733   67.680 -153.521  -10.562   21.159  135.479   24.445   89.328  -14.581
734   59.430  -47.189  -16.457   -2.066  147.092   12.510   87.606   -7.280
735   69.128  -61.944  -30.697   28.608  155.556    9.349   76.160  -22.821
736   52.848  -56.026  -23.190   -0.776  154.792   27.806  101.094    4.545
737   55.679 -149.638  -23.594   26.853  136.445   10.529   74.116    9.395
738   46.110 -175.701  -24.115    1.832  152.352    8.753   98.826  -12.415
739   57.112  -51.332  -27.457    7.189  159.466   -0.149  113.090   -5.285
740   60.235  -60.961  -30.383   -5.502  162.700   -3.942  101.762  -16.263
741   63.944  -52.996  -20.480    2.808  166.368    3.001   78.359   17.282
742   52.086  -66.643  -17.981   14.130  149.530   13.691  119.403   -0.180
743   67.423  -70.484  -31.968    0.978  160.337   20.850   98.238  -15.136
744   68.933  -74.704  -15.608   13.463  151.816   14.796  106.284   -9.465
745   48.021  -52.242  -18.317   10.869  165.648   23.846  100.869   -4.537
746   69.178  -56.486  -35.887    8.816  172.910   -5.562  110.400  -19.681
747   68.574  -65.657  -14.979  -17.434  171.287   20.041   94.785  -17.942
748   55.614  -58.353  -32.285   11.899  150.710   20.602  108.231    3.103
749   57.938  -61.183  -31.522    9.383  154.923    8.690   98.490   -7.089
750   58.918  -69.600  -39.384    4.269  157.745   14.774   97.791  -10.235
751   60.293  -69.299  -47.294   18.409  148.715   33.998   87.770   -5.289
752   57.308   54.049  -29.217    5.098  154.366   -0.663  173.254   -1.753
753   58.779  -58.611  -18.417  -10.671  177.745   -1.105   93.639  -13.132
754   57.241  -50.086  -26.385   15.590  153.666   13.290  132.969   -3.604
755   53.287  -61.607  -35.583    3.042  155.223   22.366   81.734   -5.779
756   59.187  -55.396  -40.430    6.431 -178.654   -0.548   85.869  -10.251
757   66.327  -56.771  -23.437   -5.700  155.584   22.967   80.569   -7.371
758   66.653  -69.196  -33.844   17.930  146.986   11.134  111.386  -16.708
759   57.689  -59.395  -30.141    8.540 -177.237   -9.074   97.268   -6.847
760   59.022  -65.663  -19.690   30.227  164.981    1.112   86.933    0.877
761   57.559  -54.487  -20.135   10.602  162.291    3.747   91.191  -13.084
762   65.235  -66.863  -21.643   24.222  159.908    6.342   98.733   -1.581
763   58.072  -55.611  -33.866    9.608  165.671   14.109   78.708    3.826
764   61.675  -63.171  -18.614    9.475  149.734    2.774  119.104   -8.699
765   54.581 -153.056  -31.618    9.186  150.056   28.524   94.783   12.428
766   54.445  -65.105  -19.930    0.554  169.127    7.882   86.366  -25.087
767   55.372  -55.302  -27.062   12.781  166.627   -2.863   84.691    3.331
768   57.079  -53.541  -31.683    8.860  166.177    8.270   83.219    7.643
769   61.221  -73.691  -36.774    5.578  163.629   26.956   61.461    7.470
770   57.350  -47.008  -31.731   20.070  174.178   -5.157  -84.226   -4.885
771   61.426  -52.957  -15.179   32.680  155.190   26.109  -77.731   12.818
772   50.808  -50.873  -26.899   24.651  162.614   -8.546   80.117  -19.984
773   60.221  -47.975  -15.745   30.147  154.951   18.122   89.290   -7.512
774   56.898 -164.435    4.886  -13.928  160.278   17.876   84.783   10.324
775   51.757  -53.303  -47.148   14.587  160.761   14.792   78.900   -0.568
776   55.170  -64.676  -41.407   -5.903  177.600    1.282   99.181  -13.045
777   58.706  -57.392  -35.497   17.504  159.956    1.656   96.037   -8.287
778   51.270  -55.415  -22.195   17.254  166.273   -9.548  100.844  -36.087
779   47.613  -44.678  -31.528   20.711  174.848    1.064   92.333   -1.199
780   54.610  -51.458  -34.515   16.604  170.144    4.027   93.707   -3.722
781   59.844   63.999  -40.641   45.997  157.463   -1.900   75.498    4.179
782   52.268  -47.884  -40.744    1.867  170.395   31.929  107.342    6.276
783   54.333  -58.378  -35.920   -5.957  169.613   15.983   78.651    2.599
784   55.405  -59.838  -23.229   14.539  162.586    7.605   91.243   -4.531
785   46.937  -49.338  -29.663   12.688  166.906    3.886   88.272    6.652
786   63.346  -51.697  -17.119    9.754  153.662    5.516   63.611    1.113
787   59.882  -66.874  -43.800   46.289  170.290  -15.442 -178.455    1.755
788   62.818  -65.057  -28.896   13.147  175.226  -14.651   66.568  -19.724
789   64.248  -62.963  -20.016   11.935  175.862   -2.878  102.831  -31.305
790   57.337  -62.804  -23.028   17.893  150.339   15.520  102.660   12.378
791   71.545  -66.167  -15.661   -0.098  171.841   13.695   83.210   -5.819
792   54.094  -63.961  -32.630   29.071  161.884   -7.533   87.096   -7.813
793   57.284  -59.006  -34.541    7.002  158.228   27.919   82.895    0.698
794   57.825  -54.962  -13.115   -8.881  143.015   21.742   71.549   16.708
795   61.943  -58.645  -28.222    7.897  145.247   26.017   92.552    9.316
796   62.769  -68.040  -30.778    3.270  162.121    6.391  100.526   -2.096
797   66.469  -59.618  -19.791   -3.298  169.843   26.821   83.846   20.900
798   58.892  -63.231  -31.393    8.966  177.303    1.782  108.937  -17.254
799   62.121  -64.442  -20.114  -12.941  140.913   37.518   97.913  -13.328
800   55.367  -62.177  -22.910    3.531  148.983   29.445   99.200    1.159
801   58.156  178.601   24.701  -14.698  157.118    7.652  102.866  -19.092
802   54.931 -178.350  -22.819   17.782  159.734    6.094  102.672    7.929
803   51.663  176.503   -8.019   20.006  159.401   10.552   91.949   -0.467
804   41.576 -161.324  -13.917    2.394  150.032   34.678   99.380   -1.547
805   53.255 -156.435  -28.299   26.446  157.340  -10.371   79.414    9.328
806   58.594  -64.195  -46.390    5.996  170.908   12.318   90.822  -20.161
807   70.236   60.594   37.363  -16.958  154.848   15.560   88.767  -12.268
808   55.200   46.261  -49.042  -10.592  164.679   25.822   93.389   -6.342
809   54.026   58.480  -19.088  -17.430  160.960   30.409   66.836    3.293
810   68.677   42.352   43.115  -22.664  158.141   23.083   88.570   -6.065
811   62.304   36.108  -25.350  -11.642  150.547   30.480   98.605    4.977
812   60.374   52.655  -27.199   23.492  167.310    8.469   88.598   -6.934
813   60.294   56.143   12.743    4.160  158.641   -0.383  100.958   -4.995
814   56.899   62.980  -24.764   16.807  160.890   -1.652   86.565    2.463
815   44.062  -45.891  -34.423   36.873  147.653    0.075   77.760   -4.228
816   52.138  -48.426  -35.467  -18.049  178.587   23.769   98.870   -7.014
817   66.736  -53.755   30.426  -27.029  162.953    4.734 -125.282  -19.623
818   56.502  -62.671   25.621  -27.184 -170.385  -31.377  171.037   -5.081
819   48.236  -48.531  -32.664    9.615  174.776  -27.296  -74.283    1.196
820   65.497  -46.039  -24.401    6.500  163.676   -2.136   93.637    0.072
821   57.014  -50.041  -30.587   14.781  165.011   14.051   78.927   -0.442
822   73.816   46.620  -26.326    1.024  155.144   17.449   85.577    7.492
823   66.653   46.113  -31.169   19.615  136.443   12.130 -115.937    0.124
824   57.274   72.637  -30.907  -15.942 -163.342  -10.202  -87.192   13.329
825   60.150   45.593   -7.136    4.472  157.480    8.317  -65.951  -20.088
826   64.465  -72.340  -15.083  -18.883  167.928   21.761  102.825   -2.847
827   68.795   61.665  -27.478    4.361  161.403    9.353  174.604    1.548
828   60.454   61.006  -34.096   21.811  158.363    3.520   84.924    3.577
829   55.095  -60.766  -29.217   -0.791  168.988   10.044  105.804  -16.437
830   63.158 -167.082   -9.094   26.970  150.393   -8.241  122.421   -3.797
831   59.300  -60.879  -43.507    2.261  153.877   27.362   95.355    2.128
832   65.292  -69.787  -20.596    2.802  145.636   22.622  101.146   -1.828
833   59.731  -55.965  -37.011   11.366  158.431   15.065   82.126    1.064
834   59.749  -48.568  -38.769   23.070  150.221   17.427  -90.541    0.310
835   51.327  -55.361  -16.953   15.021  178.405  -14.390  177.022  -10.637
836   71.120   48.435  -22.402   -1.367  177.008   18.085   83.854   -6.191
837   66.303   58.859  -40.494  -15.911  172.209   15.552  108.397    3.316
838   75.037   49.044  -33.289    9.357  169.955   14.222  104.888  -11.262
839   52.734  -45.653  -27.279   -2.223  162.260   26.368  103.206   -0.169
840   60.573  -47.886  -28.058   20.503 -168.444  -34.028  -62.651   15.499
841   62.244  -50.699  -37.979   14.787  173.816   23.229  -92.797   -7.949
842   55.589  -66.288  -24.342   36.811  149.567    0.060   72.940   21.708
843   54.823  -55.177  -39.903   14.793  168.404   -0.334   97.929   -7.887
844   55.478  -62.559  -25.781    0.651  154.922    5.708  104.666    2.627
845   55.149  -51.429  -17.442   -2.441  160.363   19.293   77.257    7.167
846   57.354 -170.157  -30.971    6.413  175.063    1.854   97.147    3.128
847   54.299 -169.843  -19.333   10.143 -176.359   -2.572   85.970   11.184
848   58.441 -161.016  -17.672   -1.129  155.783   21.123   87.687    9.027
849   64.541  -68.879  -26.900   14.194  170.321   -4.701   81.423    9.267
850   71.776  -65.436  -23.393    2.293  166.779    4.645  110.688   -6.927
851   44.877  167.024  -20.394    6.369  164.800   10.650  110.826   -9.109
852   58.844 -179.499   22.390  -14.018  171.564   -3.662  101.200  -14.493
853   61.295 -176.872  -30.821    6.121  158.606   18.258   83.127    7.208
854   58.649 -173.266  -21.505   -3.577  178.730    8.484   88.455   -2.994
855   41.253 -176.680  -39.192   10.785  165.384    5.685  102.272    9.630
856   46.442 -176.742  -28.944   22.269  177.648  -15.739   85.984   -0.130
857   48.702 -171.742    0.762  -19.040  153.682   13.251  103.382   -3.652
858   42.778 -168.050  -36.818  -10.424  166.968   18.753   91.336   -4.222
859   47.492 -164.745  -40.466   15.996  152.480   10.828  108.526  -18.575
860   54.632 -168.227  -27.441    5.694  155.578   18.437   91.155    1.253
861   45.881 -167.414  -43.131   -0.755  173.954   13.039   94.643    6.950
862   65.698 -161.685  -20.429    5.659  150.846   30.941  100.713   -5.848
863   59.041 -161.958  -31.517   -1.788  169.331    3.585   93.434   -7.247
864   54.800 -172.175  -17.240   24.193  156.876    0.806  101.706  -14.223
865   57.359 -171.591  -31.607   -6.245 -175.479  -18.198  140.682  -19.225
866   48.763 -160.647  -19.140  -11.216  173.287   16.326   82.333   12.945
867   51.054 -179.248  -29.381   19.606  154.996    7.251  118.139  -27.392
868   52.585  175.747  -37.889   18.748  173.271   18.874  101.903   -2.373
869   58.133 -162.056  -47.933    8.235  152.913   32.920   80.540    1.220
870   61.037   67.085  -35.988   19.064  162.247   -0.579  103.189  -13.668
871   66.311   76.036  -31.585   -4.976  175.407   -9.862   69.418   -1.349
872   61.753 -161.031  -25.113    1.585  153.706   20.946  103.815  -19.977
873   60.057 -176.600    8.485   25.098  169.604   -0.900   95.069  -13.780
874   56.156  -45.146  -37.119   42.429  166.396    1.115   77.231  -13.514
875   71.165 -168.401  -13.978    1.103  161.314   23.155   98.749   -7.742
876   67.394 -149.611  -44.416   13.041  154.814   14.198   93.229   17.871
877   55.363 -174.746  -22.614   35.851 -175.653  -16.875   71.142   14.441
878   61.917  -53.339   19.005  -19.766  171.155   21.647  115.395   22.095
879   58.826  -43.419  -29.513   25.939  175.304  -13.528   83.335    4.475
880   62.341  -49.126  -30.689    9.216  154.755   15.353   70.949  -11.573
881   67.332  -61.141  -40.747   -2.345  164.534   26.857   87.327  -18.367
882   49.135  -55.239  -28.371   19.714  157.876   -0.070  109.954    5.613
883   49.512 -173.686  -30.542   -1.697  176.596   -0.306   91.693  -13.585
884   48.757 -155.418  -13.561    1.813 -171.115    4.600   75.037    4.530
885   47.371 -160.372  -19.478    3.782  168.806   14.474  102.771   -4.553
886   55.741 -170.606  -13.835   15.158  165.395   -3.673   86.027  -23.381
887   42.867  178.728  -39.866   17.974  175.982    8.691  103.746   -4.694
888   72.402 -143.142  -33.524   11.575  168.711    3.247  118.499  -20.048
889   61.299  -72.907  -27.109    1.944  159.185   15.827   98.260  -12.124
890   54.276  -60.696  -32.842    6.192  166.415  -14.941  105.063  -16.240
891   61.358  -41.685  -48.254   10.200  145.407   13.729   87.833    8.059
892   45.136 -157.589  -39.064   11.920  159.270   13.557   73.112   -2.877
893   53.555 -147.681  -25.575   22.456  170.337    3.769   74.210    4.020
894   68.807 -159.998  -16.838   -2.996  158.938    1.785  113.931    2.951
895   51.724 -167.396  -17.755   -7.283  158.828   15.853   90.342   10.317
896   54.826 -171.220  -30.079   22.858  152.236   22.429  148.143  -10.177
897   58.592  172.371  -14.939    1.752  131.920   13.782  100.555   12.038
898   60.391  -60.535  -24.610    2.784  174.992    3.673  115.959  -24.092
899   65.991  -76.976  -31.287   26.877  158.507    3.687   98.117   -3.661
900   43.935  -49.745  -21.071   19.009  166.318   -4.737   88.765    9.656
901   56.266  -47.305  -30.066    0.490  164.616   11.868   95.491   -3.214
902   50.644  -48.034  -24.103   18.020  165.295    2.920   75.867   16.233
903   57.179  -52.328  -37.144   18.267  157.187   12.522   99.827  -12.017
904   55.516  -50.699  -41.448    5.665  171.697   20.411   75.501  -12.542
905   47.369  -49.485  -34.849   14.761  169.069   12.190  103.371  -20.238
906   58.548 -169.308  -18.688   11.954  160.123    7.231   79.544    0.896
907   60.982 -175.170  -26.988    5.026  148.517   12.656   81.407   -3.080
908   59.781  -49.910  -14.628  -12.222  168.997   16.528  100.181  -26.482
909   54.736  -42.596  -23.911    8.170  174.416   -6.454   97.872   -6.802
910   65.661  -64.473  -17.258    9.889  156.863    5.951  122.724  -13.716
911   53.728  -76.337  -24.466   -6.510  152.460   19.222   80.771    1.183
912   70.907  -59.406  -22.352    0.078  143.267   17.072  106.258   -0.638
913   56.543 -156.987  -26.234   13.379  178.902  -12.587   74.640   -7.646
914   58.982  -65.790  -26.049   15.499  170.670  -24.127   74.738   -8.339
915   64.371   67.322  -22.993   11.242  163.006    8.137   73.361   -3.054
916   62.381  -60.254  -26.040   14.232  154.431    5.740   88.541   -1.096
917   63.099 -164.363  -20.222   -3.708  161.517    3.706  111.943  -22.861
918   59.386 -136.560   -7.863  -10.828  176.068   -2.925  110.328  -23.167
919   57.721 -163.012  -32.744    4.033  156.890   22.470   74.128  -14.437
920   48.836  -44.619  -23.319   -7.092  161.957   12.242   82.488    0.449
921   59.410  -56.768  -42.595   28.806  175.016  -14.170   86.100  -15.629
922   49.788  -66.392  -11.867    1.914  169.641   -7.543   79.617    7.221
923   57.239  -56.495  -37.697   -0.836  171.029   16.846   97.409   -6.368
924   47.553  -59.037  -27.905   -5.168  153.392   16.336   59.176   25.343
925   54.180  -50.288  -24.977   12.289  142.709   27.234   70.762  -10.071
926   51.887 -164.819   -5.164   -0.339  171.579   15.145   84.213  -10.148
927   55.621 -176.738  -20.066   20.505  147.350   -1.498  121.691   -7.446
928   55.126 -147.421  -24.884    3.343  169.739   20.519   62.656  -12.055
929   55.767  -53.508  -29.776   -2.617  162.493   13.445   92.299    2.555
930   53.643  -39.119  -37.937   11.061  156.506   16.567   99.846    8.126
931   62.272  -61.563  -10.666   -0.354  164.680   -1.664  113.130    1.231
932   48.372  -50.689  -22.165    6.206  158.203    4.626  100.083    1.428
933   58.817  -64.648  -21.937    0.025  142.392   30.786   97.228    7.242
934   62.006  -60.519  -20.581   -9.056  162.546   20.613   74.291   -0.470
935   47.419  -51.643  -45.382    3.989  167.120   24.565   59.594   10.556
936   53.857  -51.833   -9.783    4.369  147.134   21.572  102.452  -11.339
937   53.147  -52.613   -3.625  -15.558  174.311   16.903   98.056   -0.741
938   65.760  -69.398  -36.690    2.899  146.474   23.539   86.869  -16.224
939   50.514  -58.064  -26.608   -0.877  161.003   23.519  121.066  -10.815
940   55.774  -39.421   13.321   15.550  164.964  -10.829  108.205  -10.966
941   58.145  -53.233  -28.683   -1.752  155.033   17.850   88.222   -1.435
942   55.447  -59.177  -24.364   13.145  177.719   -4.491   84.322    3.326
943   55.793  -55.798  -29.002    7.613  162.655   16.488   80.635   -7.247
944   61.942  -61.012  -35.224   16.220  166.131    9.792   67.222    4.677
945   53.524  -66.893  -37.593   46.971  177.577  -20.702   71.894   -1.036
946   63.181  -65.850  -34.422   20.644  150.782   14.345   86.237    5.379
947   52.676  -50.013  -47.516   -4.709  166.001    2.105   99.083   -8.403
948   55.521  -56.341  -41.672   -1.519  167.305   26.607   78.052  -12.644
949   52.739 -155.585  -14.175   -2.720  176.765    6.072   69.030    0.701
950   52.680 -166.201  -29.044   14.499  143.120   26.051  107.011    3.649
951   64.182  -52.188  -21.840  -10.157  153.857   38.479   86.739   -1.692
952   60.207  -48.539  -21.388   20.419  155.383   10.204   88.595  -21.947
953   64.070  -61.053  -32.950   -5.181  167.513   17.901   80.463    4.615
954   55.597 -156.669  -18.483    1.155 -179.807   13.810   69.676   17.490
955   60.853 -167.041  -20.855   10.849  169.452   -1.225   95.178  -14.489
956   67.132 -127.666   -5.581   -8.200  164.925   17.790  103.686   -8.355
957   51.838 -145.769  -33.730    8.095  147.991   17.430   78.389    6.297
958   65.641  179.069   -7.215   -1.594  165.552   27.320  116.006  -11.614
959   54.895  177.025   20.756   -5.734  158.985   -3.235   81.331   -0.639
960   75.194 -147.686  -31.949    8.019  149.969   30.630  107.020  -10.044
961   60.558 -172.800  -42.739   10.574  166.199   12.105   93.642   -8.417
962   55.024 -155.317  -25.935    5.308  167.337   11.996  109.296   -7.944
963   66.331  -69.563  -16.288   -6.626  146.005   35.498  105.963    8.273
964   55.765  -71.174  -16.933   11.606  161.770   20.129   75.249    4.442
965   63.621  -52.724  -30.148   11.313  153.530   17.346  100.836  -14.876
966   55.768 -176.128  -11.042   -1.188  170.176    7.719  111.089  -19.622
967   47.952 -158.737   -9.770   -1.970  162.141   -1.954   74.716   -8.980
968   54.147   57.343  -24.238   13.269  162.573    4.502   92.762   -9.128
969   45.755  -54.691  -34.991   36.530  138.116    7.710  107.967   -7.407
970   54.485   59.044   26.889  -37.615  169.560    9.217   83.247   -2.957
971   56.553   66.981  -20.683    2.789  158.838    8.175   88.731    7.891
972   56.250   51.601  -27.825   10.159  155.539   15.299   92.948   -5.619
973   56.633  -30.845  -32.020   10.480  168.834   13.172   83.381  -13.374
974   51.964  -45.604  -22.332   -2.755  155.498   28.189   92.565    7.242
975   53.944  -43.967  -29.233   18.138  153.048   33.105   93.231  -16.404
976   56.260  179.042  -40.443    9.858  150.411   16.393   86.644  -16.540
977   65.958 -143.526   -9.918    3.122  150.386   23.776  107.545   -7.916
978   66.163  -43.832  -27.237   -0.411  164.048   27.370   82.868   14.007
979   53.600  -53.733  -23.549  -13.506  169.230   -3.967  100.354  -17.541
980   52.871  -45.649   -9.069   -5.914  170.687   10.794   94.894   -4.758
981   56.198  -61.553  -28.985    8.606  155.354    9.941   86.625   12.010
982   44.464  -43.066  -40.624   16.876  156.875    1.457   72.254   -4.194
983   62.856 -169.172  -18.265    8.007  167.253   -7.810   99.800   -5.054
984   62.635  -70.215  -43.071   24.700  152.445    2.524   80.212    7.533
985   58.574  -58.504  -42.794   33.035  159.152  -15.586   80.909    4.191
986   43.897  -60.499  -39.665    2.931  149.430   14.721   89.484   -6.831
987   61.901  -57.021  -32.345   10.226  151.347    4.796   70.723    1.450
988   62.021  -65.597  -53.114   20.476  176.628    3.409   71.492   -6.739
989   53.261  -52.610  -33.811  -11.961  161.366   22.352   87.827   -5.305
990   59.389  -70.761  -38.027   14.436  168.519   17.407   86.754   -8.482
991   61.900  -53.917  -33.658   -2.705  148.782   30.440   81.180   15.088
992   69.403  -57.484  -13.124   17.911  137.217   11.607  101.028    8.740
993   79.612  -83.514  -13.032  -10.321  158.943   12.979   92.566   -2.803
994   57.870  -55.461  -32.353    4.576  153.799   24.928   83.815  -18.363
995   59.544  -63.680  -15.324  -18.854  154.104   22.151   82.596   18.224
996   53.146  -50.670  -26.125   17.462  158.367   -1.436   65.227   11.003
997   58.415  -52.016  -23.940   -0.157  171.949   17.143   90.749  -11.738
998   53.104  -64.524  -33.836    6.923  153.325    8.915   85.354    9.554
999   71.429  -76.479  -30.922   29.763  161.062    0.010   92.871   -1.630
1000   61.401  -74.841  -18.320   -3.909  170.145    0.822 -102.322    1.882
